75 1.67384e-14 69 -2.45651e-13 1.67384e-12 -7.31923e-13 7
83 79 16 -4.25912e-12 -9.0497e-13 9.64535e-13 5
9 69 9 1.10217e-12 -4.63151e-13 1.07262e-12 1
71 99 36 -1.75662e-13 -1.61704e-12 1.70925e-13 6
88 12 51 -1.44991e-12 8.98471e-13 -1.10101e-13 7
7 30 86 1.59184e-12 4.94125e-13 -8.31955e-13 8
90 40 36 -1.3952e-12 2.25692e-13 4.62959e-13 2
45 15 82 -1.01333e-14 1.01719e-12 -1.02235e-12 8
88 45 6 -7.29155e-13 1.44717e-13 1.09593e-12 8
49 72 67 -1.90177e-13 -9.96964e-13 -6.37539e-13 6
69 23 43 -5.47876e-13 3.87555e-13 3.24403e-13 9
60 99 81 -2.99145e-13 -1.57864e-12 -7.3356e-13 10
35 36 32 4.58427e-13 3.31208e-13 7.34123e-13 4
9 70 87 5.81443e-13 -5.01762e-13 3.34101e-13 3
45 30 67 2.33317e-13 5.9728e-13 -6.0123e-13 10
76 35 38 -8.87459e-13 3.61408e-13 3.64766e-13 2
2 86 65 1.36442e-12 -1.00939e-12 3.30586e-14 6
21 97 92 4.73916e-13 -1.11032e-12 -8.98033e-13 7
25 67 97 4.81689e-13 -2.90135e-13 -1.50399e-12 6
9 13 42 1.15022e-12 1.28783e-12 1.75581e-13 10
54 23 63 -2.0499e-13 1.02144e-12 -4.22931e-13 5
62 58 91 -2.54228e-13 -1.4836e-13 -1.61406e-12 1
92 33 46 -1.50702e-12 3.09457e-13 8.63944e-14 8
42 17 27 1.3967e-13 1.26085e-12 7.11945e-13 5
93 66 82 -1.38781e-12 -1.47183e-13 -8.05683e-13 9
32 18 37 4.77135e-13 1.00792e-12 6.68598e-13 4
60 12 99 -1.9985e-13 8.35799e-13 -1.35322e-12 7
39 65 37 3.62146e-13 -7.57899e-13 3.07089e-13 8
1.34369e-14 14 88 1.34369e-12 5.76944e-13 -6.76402e-13 5
1 7 38 1.25122e-12 1.00498e-12 3.96414e-14 8
78 73 92 -2.70819e-13 -8.05745e-13 -1.45255e-12 6
54 94 13 -1.43751e-13 8.41891e-13 7.31499e-13 3
22 85 5 5.344e-13 -7.52041e-13 1.10848e-12 6
54 72 77 -2.35183e-13 -7.76942e-13 -7.30288e-13 9
47 30 24 6.91033e-14 -6.44654e-14 4.75688e-13 1
46 28 9 7.58448e-14 5.34226e-13 1.5803e-12 5
47 71 63 -6.04796e-14 -8.72091e-13 -2.45915e-13 7
71 79 9 7.95108e-14 -8.93894e-13 1.0757e-12 2
35 71 3 1.51555e-13 -7.59266e-13 1.72935e-12 7
25 41 28 7.32815e-13 1.21099e-13 3.86488e-13 7
45 7 3 -1.04319e-14 9.65779e-13 1.32104e-12 3
70 74 87 -3.03751e-13 -8.81748e-13 -1.06598e-12 9
17 90 62 8.20493e-13 -1.64791e-12 6.1067e-13 6
33 50 41 7.74695e-13 6.80035e-15 -1.82351e-13 9
91 93 65 -7.20984e-13 -1.03085e-12 -4.33359e-13 10
56 12 74 3.72613e-14 1.36389e-12 -7.22904e-13 2
24 74 99 5.02174e-13 -5.2058e-13 -1.47952e-12 3
50 79 33 -4.56791e-14 -1.02279e-12 3.83591e-13 1
37 61 90 2.50103e-13 -3.33675e-13 -1.39161e-12 9
65 20 45 -1.52847e-13 6.59739e-13 1.97216e-13 8
91 82 89 -9.82241e-13 -5.66306e-13 -1.06501e-12 8
13 89 43 7.97498e-13 -1.28159e-12 8.07187e-14 8
93 1 80 -1.04323e-12 7.19697e-13 6.17797e-13 3
47 58 42 5.02007e-13 -6.32994e-13 3.52094e-13 6
97 59 6 -1.32753e-12 -4.43852e-13 1.39413e-12 6
91 6 54 -1.53703e-12 1.04243e-12 -2.67812e-13 1
35 30 31 5.27453e-13 4.66916e-13 6.81509e-13 3
70 51 54 -4.06109e-13 -1.59427e-13 7.99394e-14 3
80 68 91 -4.46863e-13 -5.70703e-13 -1.72789e-12 6
33 51 94 4.68215e-14 -7.02963e-14 -1.49696e-12 10
97 13 17 -1.7201e-12 1.04055e-12 1.39683e-12 7
77 11 22 -3.68978e-13 9.89237e-13 9.17942e-13 2
57 61 73 -4.29936e-13 -3.53295e-13 -7.13711e-13 3
84 68 21 -7.44331e-13 -4.45535e-13 7.49428e-13 10
31 30 39 6.31498e-13 2.90751e-13 5.15156e-13 4
54 13 90 -3.86895e-13 9.52423e-13 -7.65466e-13 2
21 64 41 1.11342e-12 -4.81324e-13 2.22174e-13 10
22 19 2 5.02494e-13 3.20758e-13 1.55301e-12 2
6 8 97 4.39035e-14 8.1056e-13 -9.73047e-13 5
85 77 16 -1.34158e-12 -1.44537e-13 8.98727e-13 7
37 80 96 -4.67541e-13 -8.56614e-13 -9.97189e-13 2
10 85 24 1.16654e-12 -9.28565e-13 3.70847e-13 8
40 6 8 7.417e-13 1.11979e-12 1.62245e-12 8
25 41 21 1.03301e-12 3.67151e-13 1.15327e-12 5
74 81 59 -3.82117e-13 -1.02221e-12 -2.3828e-13 4
11 22 43 1.5168e-13 -4.84792e-14 -6.47221e-13 6
85 26 54 -1.37023e-12 5.00622e-13 -1.87357e-13 1
83 44 30 -1.18117e-12 4.37676e-14 5.69748e-13 4
92 8 19 -1.89671e-12 7.91725e-13 6.57565e-13 10
57 91 57 -5.81125e-13 -1.68298e-12 4.58247e-13 1
70 29 52 -4.9656e-13 6.61067e-13 1.01307e-13 10
34 36 87 3.94142e-13 1.32481e-13 -1.32128e-12 7
54 95 13 -1.74223e-13 -3.17136e-12 6.96305e-13 3
5 62 26 1.53505e-12 -2.86487e-13 4.15857e-13 8
17 4 42 6.84134e-13 1.71038e-12 8.7413e-14 5
29 2 67 3.71361e-13 1.73826e-12 -4.26381e-13 9
67 2 71 1.5289e-12 3.51331e-12 -5.8415e-13 3
48 32 43 3.03216e-14 5.61903e-13 2.37097e-13 6
50 95 29 -3.82311e-13 -1.61522e-12 2.06221e-13 3
73 88 89 -4.77879e-13 -1.20825e-12 -1.18443e-12 10
2 74 24 1.43795e-12 -1.82202e-13 3.22188e-13 1
87 25 21 -1.04511e-12 5.40676e-13 2.23493e-13 3
11 37 64 1.68827e-12 -9.1455e-14 6.60542e-15 2
13 65 94 6.22903e-13 -1.62075e-13 -1.39321e-12 4
66 9 58 -2.75668e-13 1.51616e-12 -5.87108e-13 3
52 95 69 1.69294e-13 -1.4633e-12 -4.88608e-13 10
4 69 49 1.85926e-12 -5.90419e-13 -1.50557e-14 1
39 92 29 3.80915e-13 -1.51617e-12 5.28548e-15 6
85 15 90 1.75691e-12 5.77157e-13 -8.19187e-13 2
42 75 37 2.16485e-13 -1.01094e-12 3.19506e-13 4
2 17 99 1.00927e-12 9.87067e-14 -1.16016e-12 4
7 49 49 2.06368e-12 -8.49753e-13 -4.65724e-14 8
48 9 42 -1.25866e-12 1.54222e-12 1.92725e-12 5
44 17 93 8.47995e-14 7.70887e-13 -1.34826e-12 1
7 38 71 1.61518e-12 1.17351e-13 -5.98109e-13 6
40 56 8 2.51199e-13 -9.17834e-13 2.44406e-12 7
56 45 61 -1.14181e-13 -4.05251e-14 -3.37688e-13 3
2 83 10 1.10968e-12 -6.34409e-13 8.70297e-13 7
47 96 17 -4.18925e-14 -1.37053e-12 5.70282e-13 9
52 16 63 4.00977e-14 1.10293e-12 -6.20514e-13 1
98 7 61 -1.27442e-12 9.4759e-13 -3.20664e-13 5
5 9 2 8.56772e-13 4.70956e-13 1.00465e-12 5
32 86 99 2.37704e-13 -7.20611e-13 -1.42998e-12 3
87 33 59 -1.33482e-12 5.07281e-13 -1.31204e-13 4
30 80 35 1.33237e-12 -1.20274e-12 5.08307e-13 7
98 69 77 -1.93316e-12 -5.28963e-13 -3.51007e-13 10
94 59 97 -1.09967e-12 1.68614e-14 -1.39228e-12 4
1.44052e-14 12 68 1.44052e-12 6.6351e-13 -2.17515e-13 5
23 38 73 5.36262e-13 -8.28148e-15 -5.16114e-13 7
58 63 48 -2.31606e-13 -7.66689e-13 -1.19238e-13 4
38 25 25 4.46878e-13 5.8894e-13 7.4552e-13 6
33 54 12 6.057e-13 -7.60311e-14 1.28344e-12 4
8 73 62 1.2658e-12 -7.06686e-13 -1.78672e-13 10
43 93 8 -4.35027e-13 -7.92971e-13 1.2696e-12 6
14 45 71 1.27402e-12 -4.49368e-14 -7.32204e-13 10
38 88 64 -1.02483e-14 -1.17146e-12 -4.3626e-13 2
23 62 80 5.51697e-13 -4.3085e-13 -9.54269e-13 8
1.30406e-14 80 15 1.30406e-12 -6.1859e-13 6.80001e-13 4
74 28 52 -1.08222e-12 6.9562e-13 1.6912e-13 1
74 95 33 -2.90758e-13 -1.47379e-12 3.07643e-13 7
54 31 69 -4.74517e-13 7.48665e-13 -7.63317e-13 10
52 1.73077e-14 37 -1.24942e-13 1.73077e-12 3.14063e-13 3
3 59 51 1.66086e-12 -5.18555e-13 3.25174e-14 9
98 9 79 -1.0855e-12 7.93952e-13 -6.4091e-13 9
20 40 40 6.80127e-13 -6.47103e-13 2.23166e-13 4
35 74 23 3.25021e-13 -8.82033e-13 7.51705e-13 6
15 30 2 6.85769e-13 4.50002e-13 1.49761e-12 9
77 9 52 -8.20744e-13 8.66408e-13 1.94351e-13 3
83 90 67 -5.60498e-13 -1.18765e-12 -4.54658e-13 1
50 73 30 -1.54779e-14 -1.1386e-12 5.98554e-13 7
83 68 33 -6.72934e-13 -3.58812e-13 4.01308e-13 6
22 85 77 1.12342e-12 -9.43962e-13 -4.28383e-13 3
60 18 88 -2.36353e-13 7.98792e-13 -1.21224e-12 1
6 3 88 8.81498e-13 1.22446e-12 -7.68674e-13 5
94 28 11 -1.3998e-12 6.85888e-12 6.64602e-13 1
50 63 63 -3.66366e-13 -5.26227e-13 -1.65806e-13 10
71 86 86 -1.78066e-13 -8.81313e-13 -6.72463e-13 9
1.56264e-14 44 21 1.56264e-12 -8.62566e-15 8.05171e-13 6
27 64 25 5.99822e-13 -3.30235e-13 8.00659e-13 6
19 39 86 8.01804e-13 -6.07182e-14 -1.03994e-12 2
15 47 8 1.30705e-12 1.40152e-13 1.31382e-12 4
66 71 58 -2.49414e-13 -8.65848e-13 -2.35352e-13 5
99 13 97 -8.87654e-13 5.44558e-13 -8.21953e-13 8
10 33 28 9.3763e-13 4.42839e-13 5.21745e-13 5
52 44 69 -2.36973e-13 4.15159e-14 -5.55385e-13 3
43 89 9 6.49192e-15 -5.6186e-13 9.18653e-13 5
74 35 23 -6.01128e-13 2.52906e-13 4.07892e-13 6
76 2.77794e-14 66 5.45975e-13 2.77794e-12 3.50688e-14 2
46 1.70414e-14 36 1.81299e-13 1.70414e-12 3.07656e-13 4
6 93 81 1.1087e-12 -9.01866e-13 -7.08283e-13 4
77 37 93 -2.33848e-12 1.80916e-13 -1.52666e-12 8
81 8 41 -7.77214e-13 1.47119e-12 3.75372e-13 3
47 87 40 7.13098e-14 -1.21847e-12 2.62031e-13 10
59 61 89 -2.46035e-13 -2.1268e-13 -1.40069e-12 3
78 66 67 -7.42624e-13 -8.65323e-13 -3.55515e-13 10
87 82 78 -7.51433e-13 -5.15878e-13 -3.92135e-13 1
37 15 88 1.41373e-13 8.80081e-13 -1.29636e-12 5
27 93 38 4.99622e-13 -1.4183e-12 1.98381e-13 2
65 12 51 2.0529e-13 1.41137e-12 -3.29976e-13 5
26 87 93 6.02509e-13 -6.79671e-13 -1.0362e-12 2
39 32 75 -4.50717e-13 1.29767e-13 -8.0993e-13 6
31 60 59 4.83744e-13 -4.31548e-13 -1.21949e-13 6
91 1.32046e-14 81 -1.28687e-13 1.32046e-12 -5.56445e-13 7
52 4 44 6.72866e-14 1.86523e-12 2.41446e-13 4
31 19 96 2.06163e-13 7.83161e-13 -1.43784e-12 7
68 11 39 -2.43697e-13 9.63202e-13 7.43626e-13 10
90 51 35 -1.28632e-12 6.51981e-14 4.88685e-13 9
50 82 8 1.2463e-13 -1.034e-12 1.14535e-12 2
30 90 62 7.93862e-13 -1.33789e-12 -1.80245e-13 9
56 28 14 -3.23938e-13 2.52209e-13 1.0405e-12 4
18 46 74 8.07565e-13 -5.2011e-14 -8.96198e-13 3
48 70 25 6.42487e-14 -8.16869e-13 1.00024e-12 7
28 9 76 4.72774e-13 1.19421e-12 -6.9769e-13 6
78 60 98 -5.06024e-13 -1.80033e-13 -1.75821e-12 9
37 21 26 -2.74285e-14 1.1766e-12 1.11847e-12 2
64 81 78 -3.36683e-13 7.03212e-13 9.34677e-13 5
16 33 9 7.031e-13 3.67551e-13 1.46433e-12 8
33 19 14 -2.50015e-13 8.40385e-13 2.29577e-12 7
23 34 32 8.05805e-13 4.31433e-13 5.07292e-13 2
55 89 42 -1.61159e-13 -1.38022e-12 2.75666e-13 8
86 35 56 -1.21677e-12 2.43322e-13 1.21678e-13 2
45 3 89 7.4875e-15 1.29322e-12 -9.15342e-13 9
49 22 54 -1.57805e-13 7.22614e-13 -6.58948e-13 5
89 53 59 -1.08417e-12 -1.10049e-13 -5.98392e-13 10
50 65 37 1.92828e-13 -7.02946e-13 -2.98152e-13 9
7 1.19226e-14 19 7.07944e-13 1.19226e-12 5.04055e-13 10
61 30 61 -1.94863e-13 6.04768e-13 -1.72909e-13 3
64 52 17 -4.28357e-13 -4.1979e-13 2.17935e-13 6
18 48 16 7.52051e-13 1.745e-13 9.23275e-13 9
96 44 90 -1.33427e-12 2.10824e-13 -1.11496e-12 2
91 47 65 -1.35415e-12 -1.73574e-12 -1.03242e-13 4
16 9 3 4.98736e-13 7.4004e-13 1.02399e-12 1
8 47 48 2.08319e-12 6.53282e-13 1.07491e-12 6
57 16 21 -2.00546e-13 5.63391e-13 5.53686e-13 2
41 58 79 4.87288e-13 -6.55367e-13 -1.15172e-12 8
4 27 72 1.75973e-12 3.491e-13 -5.0869e-14 2
63 57 84 -1.05177e-13 -2.01536e-13 -1.12075e-12 3
3 68 75 1.45717e-12 -4.86808e-13 -5.06598e-13 2
55 15 53 -2.89622e-13 1.08883e-12 -1.0582e-13 7
14 42 66 1.28991e-12 3.52297e-14 -2.1261e-13 8
57 2 95 -2.27979e-13 1.12407e-12 -1.18118e-12 2
40 21 44 2.39335e-14 9.92009e-13 2.30517e-13 7
34 1.45445e-14 24 4.03118e-13 1.45445e-12 5.32195e-13 7
46 27 26 8.18679e-14 6.13702e-13 7.02901e-13 10
15 1.30415e-14 5 5.16517e-13 1.30415e-12 6.68149e-13 8
7 34 86 1.34072e-12 -1.55092e-13 -8.86825e-13 6
20 46 28 1.08662e-12 7.6033e-15 4.0781e-13 2
23 51 1.6424e-14 5.20723e-13 -1.1584e-13 1.6424e-12 4
54 19 47 -3.92291e-13 8.20669e-13 2.70594e-13 1
55 86 13 -4.70165e-14 -1.14088e-12 8.22308e-13 1
33 6 46 -3.38673e-13 1.99592e-12 3.73568e-13 3
35 75 30 3.30997e-13 -9.39983e-13 5.53222e-13 8
62 12 37 1.03024e-13 9.70946e-13 9.50444e-13 6
60 82 62 -5.2297e-13 -9.4015e-13 9.60956e-14 1
90 81 17 -1.25978e-12 -9.67244e-13 1.74226e-13 6
90 16 57 -1.36941e-12 8.55981e-13 -3.32991e-13 2
14 8 54 1.25412e-12 1.45246e-12 2.72589e-13 9
71 84 14 3.25007e-13 -1.17735e-12 9.76196e-13 6
85 16 79 -9.2739e-13 8.58103e-13 -7.27305e-13 2
90 75 38 -3.76177e-13 -4.03952e-13 9.51373e-14 9
81 17 22 -7.02345e-13 7.08325e-13 9.22623e-13 5
54 33 38 -2.9305e-13 6.62693e-13 4.54388e-13 8
63 27 91 -1.67147e-13 7.04653e-13 -1.32186e-12 1
40 97 22 1.95817e-13 -1.86903e-12 6.05427e-13 4
10 47 49 2.41029e-13 1.72203e-13 -1.85568e-13 9
68 77 36 -3.76988e-13 -9.13228e-13 9.98866e-14 1
35 1.70354e-14 38 2.79187e-13 1.70354e-12 3.77644e-13 6
36 39 65 3.66834e-13 -9.84805e-14 -5.68026e-13 9
72 8 82 -4.23474e-13 1.19199e-12 -7.63858e-13 8
19 77 88 7.46691e-13 -7.89549e-13 -1.08701e-12 8
56 84 12 -1.37314e-13 -9.36303e-13 9.65209e-13 1
68 63 9 -3.13475e-13 -1.73664e-13 9.75797e-13 2
37 72 81 3.86224e-13 -4.86069e-13 -1.11304e-12 8
97 64 68 -1.64856e-12 -5.24975e-13 2.72504e-13 8
11 56 23 1.38374e-12 -8.52519e-14 7.27076e-13 2
73 28 27 -2.81497e-13 6.33765e-13 4.8731e-13 2
26 68 27 6.6842e-13 -8.35421e-13 4.48932e-13 10
62 61 15 -2.3204e-13 -4.37092e-13 9.31804e-13 8
48 49 83 4.3116e-15 8.59781e-14 -1.45179e-12 1
11 61 68 1.22185e-12 -6.09812e-13 -4.70202e-13 1
16 13 13 7.56883e-13 6.87738e-13 7.33486e-13 2
19 25 92 7.31632e-13 4.57596e-13 -1.31187e-12 3
36 11 46 3.17612e-14 1.47747e-12 -9.94847e-14 10
76 77 4 -9.55443e-13 -7.15487e-13 1.67473e-12 8
92 41 44 -1.42071e-12 2.68648e-13 3.88903e-14 9
97 34 87 -1.4341e-12 1.51773e-13 -9.50053e-13 1
36 9 92 3.04418e-13 8.56601e-13 -1.16291e-12 4
12 83 45 1.00923e-12 -9.87376e-13 -1.18094e-13 5
91 64 24 -1.39342e-12 2.92368e-14 3.74064e-13 5
65 85 30 -3.94783e-14 -1.24728e-12 5.35028e-13 5
55 18 71 1.4958e-14 1.19508e-12 -3.14807e-13 7
58 3 12 -3.89329e-14 1.36432e-12 8.54596e-13 8
77 36 68 -7.27112e-13 4.74626e-13 -7.0748e-13 9
8 26 4 8.85186e-13 5.4638e-13 1.21834e-12 8
15 84 11 7.76624e-13 -7.21664e-13 1.12311e-12 6
24 70 22 6.85143e-13 -6.94406e-13 8.31183e-13 6
29 12 44 1.00879e-12 1.75803e-12 1.57315e-13 5
44 47 28 2.68356e-13 2.23353e-13 1.0241e-12 10
39 92 74 1.11873e-13 -1.32685e-12 -6.85477e-13 1
42 29 95 1.85494e-14 5.00225e-13 -1.49119e-12 3
10 19 89 1.19039e-12 3.3305e-13 -5.63247e-13 7
61 12 66 -3.47513e-13 1.25267e-12 -5.58769e-13 4
31 86 92 2.36052e-13 -6.82299e-13 -1.06568e-12 5
39 33 9 5.60852e-13 5.90948e-13 1.05083e-12 2
22 74 84 1.6514e-12 5.61514e-13 -2.05185e-12 8
3 91 72 2.31318e-12 -1.30619e-12 6.92279e-13 1
49 77 51 -3.63092e-13 -9.8322e-13 4.78919e-14 2
89 63 33 -9.27133e-13 -1.34776e-13 4.48486e-13 7
46 89 74 1.44843e-13 -1.29924e-12 -7.32139e-13 1
53 80 5 -4.03361e-14 -8.59902e-13 1.32794e-12 7
56 24 3 -2.98415e-13 4.36271e-13 1.23565e-12 10
56 1.41023e-14 84 -2.21339e-13 1.41023e-12 -6.8012e-13 2
87 61 4 -1.10084e-12 -1.18773e-13 1.15032e-12 9
99 10 76 -1.33606e-12 6.372e-13 -1.791e-14 2
68 45 46 -3.30647e-13 -9.34856e-14 7.86379e-13 7
70 17 2 -2.24385e-13 7.38527e-13 1.48684e-12 10
94 3 7 -9.09727e-13 1.07053e-12 6.65781e-13 5
62 27 22 -2.17664e-13 6.41091e-13 6.96607e-13 7
56 33 96 -2.46967e-13 4.39073e-13 -1.5546e-12 3
48 44 26 1.21684e-13 1.90566e-13 9.75955e-13 6
64 9 44 1.21737e-13 1.50194e-12 -7.88901e-14 7
28 38 54 8.96782e-13 7.74514e-14 -8.19254e-14 5
37 29 47 3.55084e-13 1.15548e-13 -2.10736e-13 6
62 56 11 -3.23355e-13 -2.70332e-13 1.04095e-12 8
26 47 88 6.77693e-13 -1.74006e-14 -1.21072e-12 10
4 96 75 9.8864e-13 -1.53303e-12 -6.34636e-13 4
48 77 3 1.95105e-13 -6.18459e-13 1.51198e-12 6
62 47 75 -4.75615e-13 -8.05242e-13 -1.74648e-12 6
17 54 64 1.06259e-12 2.27628e-13 -2.94966e-13 10
93 30 85 -1.22806e-12 2.09358e-13 -7.67687e-13 9
23 92 66 5.35166e-13 -1.47545e-12 -2.66019e-13 1
48 83 70 2.66837e-14 -1.11496e-12 -5.86725e-13 8
97 68 33 -1.62077e-12 -5.73941e-13 2.43112e-13 10
3 8 97 1.16782e-12 6.32719e-13 -8.03837e-13 9
79 49 41 -8.77704e-13 -1.42572e-13 1.42614e-13 9
87 4 38 -8.64112e-13 1.39229e-12 3.59935e-13 10
64 57 4 -3.42484e-13 -1.4977e-13 1.67873e-12 6
3 39 49 1.65993e-12 1.71508e-13 6.54877e-14 4
83 54 24 -4.33609e-13 1.81678e-13 9.97968e-13 9
53 82 85 -1.62918e-13 -5.10877e-13 -6.44814e-13 1
60 11 74 -2.97862e-13 1.29538e-12 -8.56197e-13 7
90 61 81 -1.98934e-12 -6.19565e-14 -7.93709e-13 1
14 68 72 1.12657e-12 -7.09169e-13 -6.67319e-13 5
50 88 57 -7.27506e-13 -1.06986e-12 -5.03016e-13 2
88 73 84 -6.06032e-13 -1.79151e-12 -7.57539e-13 8
77 7 54 -8.03813e-13 1.61226e-12 -8.03396e-13 7
97 36 59 -1.7402e-12 5.502e-13 2.07721e-14 9
45 82 62 -4.4433e-14 -1.11978e-12 -6.4718e-13 4
54 42 23 -8.6797e-14 3.2577e-13 1.36429e-12 6
1 33 21 1.57224e-12 3.48735e-13 7.67786e-13 4
16 51 78 1.03733e-12 -3.9257e-14 -9.08794e-13 5
56 49 39 -1.06201e-12 7.08431e-14 -1.01494e-13 9
87 23 44 -4.43424e-13 9.01262e-13 -3.58638e-13 4
40 49 12 1.43959e-13 4.58274e-13 8.99616e-13 6
1.16164e-14 81 93 1.16164e-12 -5.21458e-13 -7.37254e-13 7
27 90 75 3.47562e-13 -1.45266e-12 -3.73227e-13 4
44 63 44 3.04996e-13 -7.38714e-13 -3.27954e-14 7
17 80 43 7.58292e-13 -1.02806e-12 8.01347e-14 6
31 4 85 3.02551e-13 1.35177e-12 -9.15462e-13 1
12 18 52 1.1277e-12 9.09339e-13 1.35603e-13 6
58 18 4 -2.19861e-13 9.04754e-13 1.42286e-12 2
91 94 31 -1.02638e-12 -1.24374e-12 6.63091e-14 1
57 97 96 -1.08745e-13 -1.07164e-12 -9.99461e-13 1
48 22 26 -2.15078e-13 1.17567e-12 7.02421e-13 4
17 34 14 8.86637e-13 2.06143e-13 1.38327e-12 7
58 68 5 3.09424e-14 -5.0621e-13 1.49725e-12 3
35 69 7 3.18063e-13 -5.86487e-13 1.35042e-12 9
3 1.31238e-14 37 9.29177e-13 1.31238e-12 4.15293e-14 4
48 30 1 2.52614e-14 4.46173e-13 1.73087e-12 1
3 12 19 -8.40875e-13 8.08695e-13 2.75144e-12 3
83 21 54 -1.17601e-12 7.51167e-13 -2.08872e-13 7
27 43 21 1.8934e-13 -2.80132e-13 1.04005e-12 9
54 10 59 1.63535e-13 1.47754e-12 -5.00798e-13 10
15 7 97 5.41277e-13 7.33348e-13 -9.07021e-13 2
89 10 2 -6.75919e-13 7.12209e-13 -1.07356e-13 9
89 45 60 -1.0817e-12 2.95952e-13 3.64317e-13 5
33 31 85 2.49909e-13 5.3968e-13 -1.26193e-12 3
91 58 48 -1.42909e-12 -1.37483e-14 3.24646e-13 10
91 80 33 -1.34735e-12 -1.06025e-12 7.56955e-13 7
93 92 59 -1.35248e-12 -8.95535e-13 7.61562e-14 4
23 39 24 1.35496e-12 1.1317e-13 6.26228e-13 8
57 57 42 -5.05035e-13 -3.03047e-13 2.13482e-13 1
85 21 48 -1.14462e-12 5.91058e-13 -1.27864e-13 2
97 55 90 -1.45162e-12 1.71638e-13 -1.16482e-12 1
11 18 90 -1.09899e-14 1.51303e-12 -1.77011e-12 2
8 21 59 1.68078e-12 8.25022e-13 -2.66471e-13 10
12 34 19 1.31108e-12 9.07244e-14 7.12614e-13 6
81 57 75 -7.81381e-13 -2.0928e-13 -6.07835e-13 2
51 65 34 -7.90923e-14 -5.78939e-13 7.74486e-13 8
91 48 96 -1.03868e-12 1.39169e-13 -1.36372e-12 6
66 92 68 -6.91916e-13 -1.20566e-12 -3.82325e-13 7
36 34 63 -1.27637e-12 -1.20227e-12 -4.92144e-13 5
3 14 98 7.07437e-13 4.43833e-13 -1.00783e-12 3
82 79 54 -4.28543e-13 -6.36197e-13 -7.25889e-14 8
71 4 43 -1.029e-12 2.12521e-12 6.31894e-13 5
68 67 39 1.53534e-14 -9.14296e-13 4.53165e-13 1
22 97 27 2.46993e-13 -1.77044e-12 4.73641e-13 4
34 62 11 4.66831e-13 -1.59158e-13 1.32406e-12 6
1 74 69 1.5492e-12 -3.84564e-13 -4.36396e-13 6
85 37 76 -2.10193e-12 -7.00489e-13 -2.09661e-12 1
24 7 43 6.81385e-13 1.54313e-12 3.93538e-13 3
16 83 70 7.52902e-13 -7.4933e-13 -2.5821e-13 9
16 69 21 9.89418e-13 -2.62159e-12 -1.37403e-12 2
2 97 46 1.00392e-12 -1.09572e-12 -1.43968e-14 9
77 66 61 -6.27982e-13 -7.53486e-13 -8.59624e-14 4
5 90 74 3.54216e-13 -9.94287e-13 -1.55412e-12 10
17 44 41 1.22148e-12 -1.99189e-13 2.02642e-13 3
29 60 95 2.39386e-13 -4.93053e-13 -1.48895e-12 1
76 46 3 -6.03423e-13 4.77544e-13 1.39843e-12 6
87 61 80 -1.3331e-12 -1.61361e-13 -3.21023e-13 10
86 73 17 -1.06218e-12 -2.11262e-13 8.22428e-13 5
42 67 96 2.22825e-13 -2.99413e-13 -1.47727e-12 6
84 36 75 -7.85052e-13 5.5912e-13 -8.35695e-13 9
5 33 39 1.63365e-12 -5.63805e-14 1.55489e-13 8
99 9 55 -1.40069e-12 8.85156e-13 -1.91236e-13 2
31 47 86 2.12671e-13 -4.71968e-14 -1.11184e-12 8
19 38 76 1.20776e-12 -1.69068e-13 -8.70122e-13 8
10 90 14 1.04479e-12 -9.48322e-13 7.62145e-13 8
42 52 75 3.12151e-13 -2.91073e-13 -6.05481e-13 8
85 77 53 -1.239e-12 -3.55272e-13 -4.81012e-14 1
30 95 88 5.51651e-13 -1.46367e-12 -8.76479e-13 1
2 37 21 1.47004e-12 7.19849e-14 8.12478e-13 4
87 5 99 -7.30075e-13 9.16758e-13 -1.00614e-12 7
92 51 43 -1.10148e-12 -2.22329e-13 1.74388e-14 8
6 23 41 1.42046e-12 1.37121e-13 -6.89082e-14 9
10 21 42 1.5996e-12 1.54183e-12 8.003e-13 6
71 39 91 -2.56763e-13 -1.18904e-13 -1.27853e-12 6
2 68 77 1.61993e-12 -4.51888e-13 -8.42804e-13 1
28 32 70 5.31618e-13 1.42443e-13 -2.85889e-13 2
7 29 5 1.21128e-12 -2.15317e-13 1.1251e-12 1
80 92 9 -4.78676e-13 -1.14991e-12 1.11796e-12 7
88 71 96 -5.29557e-13 -4.39856e-13 -1.57823e-12 4
45 65 58 8.53389e-14 -8.9737e-13 -9.41965e-14 9
18 18 95 6.15274e-13 5.2032e-13 -1.51701e-12 7
18 61 9 8.64671e-13 -3.85847e-13 1.31111e-12 2
6 63 1.62457e-14 1.09853e-12 -6.94235e-13 1.62457e-12 2
18 91 76 4.90991e-13 -1.20038e-12 -6.23528e-13 9
73 78 5 1.22357e-13 -1.00082e-12 1.37177e-12 9
98 99 69 -1.12792e-12 -1.20492e-12 -5.49038e-13 3
34 51 72 5.94695e-13 1.13712e-13 -5.29569e-13 2
35 61 71 5.06402e-13 -6.18958e-13 -7.18964e-13 9
7 58 72 1.43847e-12 -5.78258e-14 -5.08395e-13 10
82 75 89 -5.24711e-13 -1.04778e-12 -1.0751e-12 6
84 95 47 -5.60835e-13 -1.57253e-12 -2.21826e-13 4
91 46 70 -2.05849e-12 3.79742e-13 -2.06342e-12 9
23 66 2 6.22392e-13 -2.09207e-13 1.47137e-12 4
58 41 16 1.77186e-13 -7.46424e-13 7.59644e-13 3
86 11 98 -9.30372e-13 5.67319e-13 -1.25868e-12 4
65 62 3 4.79353e-15 -1.30053e-13 1.64577e-12 6
89 28 3 -7.74598e-13 3.21786e-13 1.55018e-12 10
24 28 39 9.24321e-13 3.45271e-13 4.52374e-13 2
29 70 44 7.84625e-13 -8.08187e-13 1.28612e-13 3
35 35 4 1.34023e-12 -2.86309e-13 8.89046e-13 4
26 84 76 3.2099e-13 -8.31906e-13 -6.45314e-13 2
28 35 96 -4.0097e-13 3.67853e-13 -9.07841e-13 3
9 20 32 1.07186e-12 7.34804e-13 5.25663e-13 9
18 89 64 1.8382e-13 -1.00329e-12 -6.10504e-13 6
51 24 19 -1.77361e-13 8.58687e-13 8.81382e-13 1
23 1.36233e-14 83 4.2155e-13 1.36233e-12 -7.35621e-13 6
9 50 16 1.54025e-12 -7.21099e-14 8.22137e-13 4
23 21 10 5.85176e-13 5.9011e-13 1.13496e-12 4
21 4 8 3.68331e-13 1.08505e-12 8.24835e-13 8
3 87 42 1.45278e-12 -9.70649e-13 1.24422e-13 10
7 22 1 7.30901e-13 7.29342e-13 1.17314e-12 1
95 85 78 -1.25175e-12 -9.89609e-13 -4.44457e-13 9
86 90 80 -8.15956e-13 -8.73004e-13 -5.21854e-13 3
88 95 30 -6.80819e-13 -1.35205e-12 2.68535e-13 3
31 31 56 3.24572e-13 6.10842e-13 -2.42098e-13 10
91 97 68 -7.34692e-13 -1.50895e-12 -6.63633e-13 3
57 43 8 -1.27582e-13 1.01672e-13 1.3611e-12 5
68 3 3 -3.09492e-13 1.07324e-12 1.174e-12 10
28 71 93 3.20332e-13 -4.77787e-13 -1.25605e-12 6
28 90 83 3.72201e-13 -1.24548e-12 -7.47105e-13 10
29 83 82 4.09163e-13 -7.06486e-13 -1.04129e-12 2
15 50 98 8.45777e-13 -2.96728e-14 -1.44219e-12 7
79 59 50 -6.19735e-13 -3.392e-13 4.02094e-13 5
94 49 42 -1.90884e-12 4.56922e-13 3.55907e-13 7
54 60 86 1.83372e-14 -4.84905e-13 -1.17054e-12 5
98 15 41 -1.63202e-12 5.51332e-13 8.16648e-14 1
86 37 32 -1.2369e-12 3.49455e-13 4.71202e-13 7
1.22877e-14 4 32 1.22877e-12 1.05329e-12 3.06884e-13 9
89 2 49 -1.08744e-12 9.60984e-13 -4.15702e-14 9
59 92 60 -6.10733e-13 -1.56744e-12 -1.69967e-13 4
74 92 24 -1.07381e-13 -1.48967e-12 3.18693e-13 3
49 27 12 -6.17844e-14 7.37001e-13 1.27911e-12 4
75 59 84 -6.82667e-13 -5.4271e-13 -1.02981e-12 8
26 13 2 3.61154e-13 8.01185e-13 1.37108e-12 10
12 31 38 1.02806e-12 1.5139e-13 4.10161e-13 5
55 92 65 -1.98923e-13 -1.26861e-12 -3.13487e-13 6
81 56 41 -9.15529e-13 -2.90952e-13 3.94916e-13 2
97 45 37 -1.76771e-12 1.73667e-13 4.98134e-13 1
16 98 28 7.37879e-13 -1.37267e-12 1.83272e-13 10
91 7 7 -1.06231e-12 9.2039e-13 6.83073e-13 4
88 93 44 -8.9404e-13 -1.71684e-12 5.27981e-14 6
76 87 80 -4.51327e-13 -1.0751e-12 -6.06721e-13 3
4 9 31 1.02704e-12 9.54609e-13 3.80824e-13 6
27 77 66 7.89693e-13 -1.0093e-12 -2.42419e-13 8
62 36 82 -2.29785e-13 3.9611e-13 -1.04929e-12 1
64 30 64 -5.49064e-13 5.91978e-13 -5.74073e-13 9
4 19 52 1.66537e-12 7.85622e-13 -1.29105e-13 6
17 96 1 5.18334e-13 -9.09931e-13 9.33096e-13 5
70 21 40 -5.83521e-13 6.7202e-13 8.57266e-13 2
95 21 53 -1.46345e-12 6.33944e-13 -1.77196e-13 9
71 76 99 -3.22967e-13 -5.37568e-13 -1.51053e-12 6
73 11 72 2.94504e-13 1.69545e-13 2.204e-13 7
95 42 28 -1.48885e-12 2.08155e-13 4.8667e-13 3
53 58 24 -4.25216e-13 -3.38049e-13 1.38545e-12 4
87 85 79 -6.94684e-13 -9.69794e-13 -6.07909e-13 8
47 90 56 1.14804e-13 -1.6874e-12 -2.15761e-14 9
41 51 46 3.97711e-13 -1.21949e-13 -4.62905e-14 8
88 89 11 -7.9974e-13 -1.07755e-12 9.1791e-13 10
60 43 27 -8.96788e-13 1.06266e-13 4.85432e-13 1
7 75 29 1.76217e-12 -6.61005e-13 4.98984e-13 9
85 18 3 -6.79776e-13 7.04025e-13 1.32935e-12 3
15 5 19 6.08042e-13 1.17905e-12 5.61693e-13 6
49 95 28 5.59932e-13 -1.61528e-12 1.14794e-12 1
24 85 78 8.09437e-13 -9.9557e-13 -1.77471e-13 2
88 1.40996e-14 65 -1.00254e-12 1.40996e-12 -3.86619e-13 6
82 1 32 -6.41039e-13 1.50167e-12 4.432e-13 8
27 35 97 1.01536e-12 3.66655e-13 -2.33296e-12 3
37 76 75 2.47383e-13 -8.37536e-13 -6.04889e-13 5
44 57 28 6.17946e-13 -2.54986e-13 1.61185e-12 7
91 7 32 -1.06797e-12 1.1177e-12 4.49855e-13 2
49 30 17 -9.83216e-14 4.49585e-13 1.05188e-12 1
49 38 93 3.34363e-14 -1.16399e-13 -1.24937e-12 7
48 63 69 -7.00599e-14 -4.83972e-13 -7.86159e-13 9
65 21 71 -5.82252e-13 9.50601e-13 -6.94084e-13 8
70 22 26 -4.4276e-13 8.35164e-13 4.62101e-13 5
91 86 88 -8.89233e-13 -1.098e-12 -8.11415e-13 8
23 58 21 9.53128e-13 -1.58627e-13 6.69598e-13 9
45 29 59 1.33747e-13 5.12133e-13 -2.50602e-13 4
19 17 93 3.51158e-13 1.42721e-12 -5.49028e-13 4
13 32 7 1.26707e-12 4.69047e-13 1.37885e-12 3
89 16 26 -1.0194e-12 1.15832e-12 1.20006e-12 2
47 11 68 6.04315e-14 1.28315e-12 -6.00769e-13 4
22 18 63 -4.75678e-13 1.20981e-12 -7.71823e-13 10
56 70 34 -2.77143e-13 -9.21608e-13 2.82945e-13 6
15 69 4 9.24699e-13 -4.07899e-13 1.26933e-12 6
32 63 15 5.71639e-13 -4.78746e-13 1.02958e-12 6
36 56 72 5.73959e-13 -2.58146e-13 -8.36475e-13 5
33 79 74 3.59728e-13 -9.74406e-13 -6.03994e-13 4
94 43 40 -1.63796e-12 2.30264e-13 4.45215e-13 5
94 29 11 -1.37793e-12 -3.73265e-13 6.81576e-13 10
66 83 22 -1.15044e-14 -1.11969e-12 6.77778e-13 4
8 19 92 1.19696e-12 4.99479e-13 -1.31384e-12 1
55 15 59 -1.47814e-13 9.25443e-13 -5.06054e-13 4
97 63 30 -1.53396e-12 -1.95921e-13 1.18744e-12 4
12 1.48086e-14 66 8.70355e-13 1.48086e-12 -2.21051e-13 10
12 87 65 1.11393e-12 -9.23494e-13 -7.3855e-14 6
47 9 43 1.37767e-12 1.58274e-12 -6.88453e-13 6
30 26 36 6.68095e-13 5.51667e-13 6.6937e-13 3
48 87 49 -1.03189e-13 -1.20177e-12 2.31483e-13 7
16 21 89 7.23457e-13 6.1688e-13 -8.78006e-13 3
16 63 72 1.03487e-12 -6.27669e-13 -6.27063e-13 1
11 79 15 1.11912e-12 -5.69622e-13 8.35628e-13 3
2 3 23 1.03315e-12 1.05161e-12 3.94927e-13 7
83 57 99 -8.19426e-13 2.16174e-14 -1.6927e-12 2
45 53 3 2.52936e-13 -4.95099e-14 1.81276e-12 7
72 83 31 -4.18627e-14 -1.12307e-12 7.80183e-14 7
64 12 90 -1.74596e-13 8.72757e-13 -1.15206e-12 7
40 93 7 8.54854e-13 -1.01613e-12 1.35158e-12 6
45 61 57 1.33795e-13 -1.21231e-13 3.72981e-14 10
35 54 31 3.04486e-12 -4.93063e-13 2.43852e-12 9
3 7 19 9.21518e-13 9.9444e-13 6.10637e-13 1
97 53 14 -1.35696e-12 4.00893e-13 4.04054e-13 6
56 32 52 -1.44941e-13 5.42062e-13 -5.2785e-14 2
92 70 96 -1.14331e-12 -2.88195e-13 -1.64906e-12 8
11 18 23 1.10541e-12 8.85629e-13 7.34548e-13 5
59 78 1 7.46691e-14 -6.11557e-13 1.47894e-12 9
99 70 96 -1.37265e-12 -4.48975e-13 -1.03084e-12 3
84 92 20 -8.68965e-13 -1.06531e-12 4.21631e-13 4
50 28 35 -2.48572e-15 9.16769e-13 3.24254e-13 2
35 97 93 -1.89691e-13 -1.42584e-12 -8.25202e-13 10
55 40 54 -4.31878e-14 -4.81191e-14 -1.41086e-13 5
85 61 83 -6.0286e-13 -2.74649e-13 -1.28708e-12 9
97 11 23 -1.48753e-12 9.88113e-13 4.16816e-14 10
18 48 83 8.8326e-13 3.61818e-14 -1.06743e-12 5
42 93 4 1.25069e-13 -1.04359e-12 1.6968e-12 2
3 62 7 1.47472e-12 -5.61292e-13 1.00743e-12 8
88 25 9 -6.89998e-13 4.01329e-13 1.13091e-12 6
65 79 36 -2.90875e-13 -1.06346e-12 5.85863e-14 1
59 23 74 -8.05416e-13 6.33036e-13 -5.46363e-13 6
72 52 92 -4.61295e-13 1.91943e-13 -1.62367e-12 10
69 73 2 4.11984e-14 -6.89539e-13 1.57828e-12 2
76 71 9 -6.44035e-13 -3.04171e-13 1.24921e-12 8
73 10 93 1.30819e-13 9.9347e-13 -1.40727e-12 2
55 23 2.1955e-14 3.45883e-14 7.11915e-13 2.1955e-12 7
1 70 18 1.44729e-12 -3.13026e-13 7.02573e-13 2
10 10 91 6.49925e-13 9.40832e-13 -9.13652e-13 9
24 1 38 3.67317e-13 1.71411e-12 1.85843e-13 7
32 34 4 7.1734e-13 6.94852e-13 9.88033e-13 2
48 99 64 7.00803e-13 -1.7621e-12 -2.97029e-13 3
90 8 19 6.51261e-13 9.86899e-13 6.17333e-13 8
73 49 43 -6.02772e-13 -1.281e-13 3.14712e-13 5
65 1.52918e-14 24 -2.06335e-13 1.52918e-12 5.90338e-13 6
80 15 71 -8.42594e-13 9.04083e-13 -7.04091e-13 5
22 35 90 4.70799e-13 2.23464e-13 -1.30302e-12 2
49 5 75 3.03782e-15 1.31607e-12 -9.68935e-13 4
98 95 17 -1.46985e-12 -1.22212e-12 5.54366e-13 1
29 30 84 5.02669e-13 4.67443e-13 -1.20358e-12 5
72 14 37 -7.3733e-13 6.12818e-13 8.65153e-13 10
25 47 61 7.89552e-13 -8.81595e-15 -2.86898e-13 2
13 75 49 1.16689e-12 -6.44367e-13 -1.17518e-14 2
57 53 6 2.20026e-12 -2.16945e-12 1.52241e-12 7
75 88 13 -4.29867e-13 -1.25753e-12 9.04737e-13 5
70 47 14 -6.24493e-13 8.16427e-14 1.06054e-12 3
29 15 44 8.85011e-13 5.62891e-13 1.49902e-13 5
81 81 36 -4.64159e-13 -9.02048e-13 2.1771e-13 5
89 10 2.67895e-14 -6.49482e-13 7.06008e-13 2.67895e-12 8
54 23 93 -1.33393e-13 5.31825e-13 -1.14905e-12 1
2 62 96 1.15862e-12 -4.83108e-14 -1.37321e-12 4
74 59 61 -4.98995e-13 -4.24952e-13 -2.0728e-13 4
98 71 57 -1.59744e-12 -5.38367e-13 -1.78166e-13 10
1.61552e-14 15 45 1.61552e-12 9.9994e-13 -5.40647e-14 10
10 7 82 4.21609e-13 7.73859e-13 -5.15086e-13 7
16 48 24 1.22634e-12 6.55794e-14 5.83583e-13 7
1 38 62 1.75803e-12 7.85872e-14 -3.50104e-13 6
27 2 15 4.26487e-13 1.42203e-12 6.82644e-13 2
61 69 70 -3.60047e-13 -7.87828e-13 -3.68016e-13 8
40 17 42 7.3712e-14 1.34433e-12 5.1855e-13 10
82 76 64 -8.00448e-13 -7.03911e-13 -2.90511e-13 4
27 41 94 4.49034e-13 8.24373e-14 -1.18584e-12 3
12 6 73 7.66682e-13 1.03458e-12 -3.64987e-13 1
81 39 18 -9.83626e-13 -4.69207e-14 8.80641e-13 3
61 76 24 -1.16977e-13 -9.25509e-13 8.43123e-13 5
49 91 33 -4.62404e-14 -1.69328e-12 3.56563e-13 2
9 62 22 1.28422e-12 -1.93767e-13 6.56686e-13 2
46 24 51 1.02393e-14 4.30689e-13 -3.83292e-13 8
5 58 63 1.97153e-12 -3.17747e-13 -1.3105e-13 9
42 6 52 1.60122e-13 1.66365e-12 -2.04569e-13 1
1 12 79 1.91027e-12 3.57951e-13 -4.99474e-13 10
68 7 87 -8.39758e-13 6.18737e-13 -3.36363e-13 6
41 24 39 -1.25134e-14 6.74944e-13 7.3841e-13 3
67 6 88 5.40134e-13 2.03686e-12 -1.73651e-12 5
87 7 19 -1.01954e-13 1.38604e-12 6.27493e-13 5
17 19 59 1.24184e-12 4.91376e-13 7.09445e-14 4
35 33 63 1.57509e-12 1.61716e-12 -5.1207e-13 7
46 98 6 -3.76235e-14 -1.36102e-12 1.11786e-12 5
30 54 75 6.80529e-13 -1.86433e-13 -8.07937e-13 6
78 79 67 -6.58516e-13 -1.08384e-12 -3.91741e-13 4
72 81 41 -3.3033e-13 -1.02233e-12 7.30139e-15 2
70 43 84 -4.83834e-13 2.06619e-13 -1.10818e-12 7
31 28 47 6.81492e-13 5.73017e-13 -3.10954e-14 5
92 90 29 -8.67819e-13 -1.23095e-12 3.17974e-13 2
1 77 22 1.49636e-12 -6.4919e-13 5.48582e-13 9
14 51 14 1.22636e-12 2.31599e-14 1.44084e-12 8
45 18 53 3.36783e-13 8.72557e-13 -1.44983e-13 3
47 32 90 -6.05652e-14 4.5168e-13 -1.12654e-12 6
11 3 11 7.30438e-13 1.03407e-12 6.49483e-13 7
86 43 94 -6.33786e-13 2.3716e-13 -1.31326e-12 1
96 11 37 -1.45133e-12 7.64547e-13 2.86174e-13 8
45 65 67 4.66117e-13 -8.15702e-13 -4.9487e-13 9
19 67 82 6.72187e-13 -4.33208e-13 -8.74415e-13 5
63 79 95 -1.88675e-13 -7.37722e-13 -1.3373e-12 6
82 91 84 -3.91655e-13 -1.00166e-12 -9.18779e-13 4
22 52 93 7.51453e-13 -2.56057e-14 -1.29302e-12 9
38 78 18 2.1635e-13 -9.67498e-13 8.83495e-13 5
82 57 20 -8.28632e-13 -2.30751e-13 9.77684e-13 5
30 70 37 5.98768e-13 -7.44032e-13 4.7085e-13 9
92 21 68 -1.39579e-12 7.15602e-13 -4.67902e-13 9
64 33 97 1.70009e-13 3.30629e-13 -1.67909e-12 3
12 5 69 1.03546e-12 1.22129e-12 -4.21486e-13 1
68 50 62 -2.77857e-13 9.67152e-14 2.38295e-13 5
24 69 70 8.72871e-13 -5.41446e-13 -6.73491e-13 2
88 86 5 -7.65289e-13 -9.90348e-13 1.37624e-12 10
3 81 31 1.42541e-12 -8.70124e-13 2.99036e-13 3
74 16 10 -4.21167e-13 9.10171e-13 9.73189e-13 2
91 45 64 -1.26075e-12 5.50108e-13 8.07947e-13 9
69 6 41 4.28179e-14 1.87019e-12 7.88159e-13 8
94 66 88 -1.50326e-12 -2.99081e-13 -1.23247e-12 4
20 69 22 8.33199e-13 -6.2962e-13 5.96864e-13 2
81 27 87 -9.7269e-13 6.1312e-13 -9.64929e-13 5
21 72 3 6.22817e-13 -5.61613e-13 1.36989e-12 10
32 24 64 4.93841e-13 7.7277e-13 -1.27407e-13 4
88 86 38 -9.96727e-13 -1.16969e-12 1.46808e-13 10
39 2 87 2.57683e-13 1.4073e-12 -6.68874e-13 5
89 75 33 -8.16747e-13 -4.05112e-13 5.53646e-13 6
45 73 36 7.34887e-14 -9.53155e-13 2.79901e-13 1
46 15 52 9.77603e-13 1.06624e-12 -5.34752e-13 6
92 44 74 -1.6635e-12 3.60765e-13 -1.14772e-12 4
58 8 58 -3.36417e-13 1.7165e-12 -3.22073e-13 9
26 37 17 4.34377e-13 4.00351e-13 1.24907e-12 9
59 11 80 -2.38158e-13 1.23684e-12 -1.11136e-12 3
42 35 65 1.49949e-13 1.89736e-13 -4.59146e-13 3
37 94 77 1.36608e-13 -1.44807e-12 -6.52248e-13 3
76 86 29 -5.55317e-13 -1.35891e-12 3.8369e-13 8
77 53 20 -5.98631e-13 1.33103e-13 8.3419e-13 4
33 22 93 1.02746e-13 6.02914e-13 -1.29108e-12 1
71 56 97 -2.61221e-13 -1.68255e-13 -1.82788e-12 5
84 52 24 -1.50448e-12 1.31318e-12 7.58886e-13 2
32 19 16 6.97256e-13 9.01591e-13 3.36626e-13 9
12 96 58 8.66688e-13 -1.41882e-12 -2.65079e-14 2
84 6 24 -6.37626e-13 1.35323e-12 3.43075e-13 6
72 73 51 -4.49133e-13 -9.48568e-13 2.27737e-15 6
1 6 14 -5.91105e-13 -8.28119e-13 7.53151e-13 3
89 36 39 -1.5144e-12 2.86336e-13 4.47244e-13 2
95 46 64 -2.51844e-12 -1.66291e-13 -1.22051e-13 5
43 78 48 -4.34059e-14 -9.81559e-13 4.18952e-13 5
74 98 71 -4.25672e-13 -1.45453e-12 -3.59976e-13 1
37 53 31 -1.24461e-12 1.38989e-12 1.66614e-12 8
59 56 76 -2.58639e-13 -2.64352e-13 -8.25999e-13 2
92 19 15 -1.16219e-12 7.96851e-13 8.76887e-13 10
35 94 66 3.50592e-13 -1.80347e-12 -4.60107e-13 7
48 43 3 9.77601e-14 6.90164e-14 1.65382e-12 3
87 65 51 -1.14106e-12 -7.75072e-13 -4.31773e-14 4
51 2 89 -4.86956e-14 1.30783e-12 -8.87984e-13 10
10 65 19 1.35956e-12 -3.96645e-13 9.0463e-13 7
8 51 38 1.33643e-12 -1.48663e-13 2.98994e-13 8
14 11 84 6.29758e-13 9.63541e-13 -7.59876e-13 9
69 47 67 -3.23077e-13 -2.25405e-13 -9.45606e-13 8
79 61 93 -6.38199e-13 -1.19452e-13 -1.60094e-12 2
41 74 79 4.1108e-14 -7.47052e-13 -8.60404e-13 8
58 66 98 -2.22861e-13 -3.37231e-13 -1.75152e-12 2
59 88 74 -4.24736e-14 -7.83657e-13 -4.96886e-13 1
56 31 85 -8.99914e-14 3.75714e-13 -1.36366e-12 2
93 45 8 -8.71693e-13 2.40683e-13 8.36957e-13 10
56 3 44 -2.91577e-13 2.05169e-12 2.70512e-13 3
10 29 20 1.3748e-12 4.5372e-13 7.97009e-13 6
96 88 61 -1.45284e-12 -8.70019e-13 -2.07088e-14 6
73 73 26 -5.226e-13 -5.64392e-13 4.71788e-13 10
81 92 61 -6.25875e-13 -1.30414e-12 -1.99849e-13 5
63 80 1 -3.25504e-13 -8.92667e-13 1.43076e-12 6
51 36 41 -4.28829e-14 2.01416e-13 2.76057e-13 6
1 67 30 1.61536e-12 -3.99837e-13 3.5901e-13 4
86 24 40 -8.91452e-13 3.94811e-13 7.61736e-13 4
96 14 19 -1.05878e-12 5.09591e-13 2.92856e-13 6
3 74 15 1.23295e-12 -4.44708e-13 8.88122e-13 5
55 65 32 -5.59239e-13 -4.7566e-13 7.28874e-13 10
83 15 48 -1.1943e-12 7.72434e-13 -1.90453e-13 2
97 99 61 -1.54288e-12 -1.34429e-12 -3.63738e-13 5
91 81 80 -1.08031e-12 -7.52179e-13 -6.40272e-13 1
48 30 94 -1.09801e-13 6.96812e-13 -1.55038e-12 5
27 27 69 7.64796e-13 4.56774e-13 -3.17936e-13 10
15 29 74 1.54001e-12 -1.31666e-13 -5.75975e-13 6
44 19 56 3.4486e-13 8.00892e-13 -5.93321e-13 6
8 48 53 1.50097e-12 2.82395e-14 -5.68737e-13 2
85 71 47 -8.60057e-13 -5.29522e-13 -4.52159e-13 1
34 80 82 2.3375e-13 -8.1231e-13 -9.97534e-13 9
65 61 68 -3.00512e-13 -4.67861e-13 -4.00135e-13 8
89 57 90 -1.27286e-12 8.26532e-14 -1.46252e-12 7
28 63 41 7.95504e-13 -3.41785e-13 2.92291e-13 7
62 46 95 -2.12016e-13 2.19059e-13 -1.63042e-12 3
82 84 58 -2.1276e-13 -1.22693e-12 -3.87062e-13 5
55 5 45 -1.61583e-13 1.4731e-12 -3.95611e-14 2
63 57 26 -4.06442e-13 -3.5976e-13 7.14004e-13 2
61 32 56 -3.45836e-13 5.61611e-13 -1.44213e-13 3
85 1.1e-14 95 -5.56887e-13 1.1e-12 -7.65057e-13 1
89 16 36 -1.24614e-12 6.26754e-13 1.63447e-12 4
92 73 17 -1.45377e-12 -3.98181e-13 8.73346e-13 5
73 14 88 -5.56542e-14 5.91681e-13 -8.14877e-13 2
77 56 19 -5.3454e-13 -3.20628e-13 9.64631e-13 2
1 89 28 1.21502e-12 -9.18785e-13 3.52342e-13 5
16 28 74 -3.82895e-13 1.77022e-12 -6.43091e-13 2
64 10 40 1.8409e-13 1.36257e-12 5.56968e-13 8
18 51 27 1.04395e-12 -2.07107e-13 3.37958e-13 4
83 88 54 -7.57839e-13 -1.47735e-12 -6.28486e-14 9
84 63 77 -7.37314e-13 -5.10492e-13 -2.90547e-13 6
93 64 63 -1.44819e-12 -5.44387e-13 -1.99964e-13 3
74 83 14 -7.60259e-13 -9.91721e-13 1.16722e-12 5
50 38 22 7.20914e-14 3.92577e-13 1.10455e-12 3
69 72 89 -3.61371e-14 -3.48021e-13 -1.66908e-12 1
7 50 92 1.07296e-12 -1.14192e-13 -1.10675e-12 4
25 61 18 8.79228e-13 -7.362e-13 1.06826e-12 8
52 28 63 -4.7596e-14 6.40415e-13 -2.57235e-13 10
88 99 14 -7.37e-12 -1.3163e-12 7.03245e-13 6
38 32 91 3.77278e-13 4.55621e-13 -1.39451e-12 10
13 78 70 1.04685e-12 -5.14791e-13 -3.50506e-13 1
85 31 44 -1.05793e-12 3.40167e-13 1.92042e-13 10
37 34 57 1.22581e-13 2.97657e-13 -1.50681e-13 9
95 96 65 -1.23918e-12 -1.23701e-12 -4.1855e-13 10
22 2 35 7.52748e-13 1.44433e-12 7.52326e-13 7
11 40 46 1.26328e-12 1.57563e-13 1.35422e-13 7
15 9 66 1.31995e-12 1.31679e-12 -4.45543e-13 7
67 39 76 -5.05002e-13 3.82608e-13 -8.92323e-13 2
21 12 61 3.46135e-13 1.51958e-12 -5.37159e-13 8
63 92 12 1.54128e-13 -1.53709e-12 9.2647e-13 3
93 25 76 -9.70891e-13 7.41195e-13 -8.85822e-13 7
8 5 83 1.14413e-12 1.48862e-12 -8.38938e-13 8
16 15 58 1.31773e-12 7.46165e-13 -1.35798e-13 5
57 5 21 -4.87015e-13 1.40457e-12 5.85344e-13 1
65 15 59 -4.92349e-13 1.51756e-12 -6.72043e-13 8
77 12 57 -7.67785e-13 8.60961e-13 -6.9764e-13 9
19 53 10 8.34208e-13 -3.29957e-13 1.36536e-12 8
11 26 75 1.3549e-12 1.59966e-13 2.22723e-13 2
64 45 64 7.54189e-14 3.9297e-14 -4.02345e-13 4
61 80 31 -1.14917e-13 -1.27343e-12 4.05632e-13 6
71 27 86 -2.96549e-13 7.66346e-13 -1.0691e-12 5
86 46 3 -5.65472e-13 3.86466e-14 1.63964e-12 4
31 35 2.0177e-14 5.58694e-13 2.82582e-13 2.0177e-12 10
76 59 4 -3.77421e-13 -3.29691e-13 1.47129e-12 7
82 61 57 -7.74844e-13 -4.28433e-13 -4.97475e-13 6
34 12 82 2.75382e-13 1.45681e-12 -1.01635e-12 5
71 95 15 -1.48936e-13 -1.40207e-12 6.43139e-13 10
51 65 95 1.1072e-13 -2.26145e-13 -1.65363e-12 7
44 66 1 9.43422e-14 -4.24183e-13 1.61105e-12 5
41 35 8 1.74327e-14 1.1594e-13 1.26889e-12 5
61 49 76 -3.08594e-14 -7.11388e-13 -9.25546e-13 3
75 32 84 -6.95582e-13 3.16093e-13 -9.20758e-13 5
79 29 58 -1.29479e-12 6.66282e-13 -1.36272e-13 5
75 10 47 -9.21249e-13 1.1392e-12 2.82669e-13 1
94 34 11 -1.22556e-12 -9.61509e-14 6.44641e-13 7
9 53 61 1.56149e-12 1.11711e-13 -1.4402e-13 5
47 52 98 9.6881e-14 -4.1603e-14 -1.64191e-12 4
34 20 48 5.60203e-13 1.02259e-12 -2.85196e-13 6
95 95 25 -1.31311e-12 -1.20073e-12 4.20149e-13 9
62 96 33 -1.22026e-13 -1.50863e-12 3.54217e-13 1
65 40 81 -3.71302e-13 3.57219e-13 -1.06542e-12 3
87 57 84 -1.14847e-12 3.50685e-13 -1.11047e-12 8
64 82 79 -3.6207e-13 -2.09705e-12 -1.91775e-12 7
76 79 11 -5.44712e-13 -8.11414e-13 1.06293e-12 6
83 34 89 -9.4023e-13 3.32126e-13 -1.31961e-12 4
91 94 3 -7.56326e-13 -9.38397e-13 1.02213e-12 9
27 43 34 4.61408e-13 1.98119e-13 5.62466e-13 9
98 58 83 -1.55024e-12 4.12867e-13 -8.97746e-13 7
25 7 14 7.12986e-13 1.32685e-12 7.66704e-13 2
30 36 3 9.5632e-13 -1.12388e-13 1.04223e-12 5
42 56 31 3.41072e-13 -4.55919e-13 3.88293e-13 10
67 91 63 -4.89604e-13 -1.23911e-12 -4.12733e-14 4
45 23 66 1.48257e-13 9.90134e-13 -5.96304e-13 5
69 28 17 -1.03157e-12 -1.28508e-13 1.55858e-12 5
80 88 71 -4.8025e-13 -1.12457e-12 -4.87493e-13 5
19 39 67 7.1718e-13 1.74688e-13 -3.48819e-13 8
63 5 25 -1.69979e-13 1.30344e-12 5.8565e-13 1
99 39 18 -1.50922e-12 7.49131e-14 3.92187e-13 4
75 31 59 -4.15895e-13 1.04668e-12 -7.06705e-13 9
71 50 96 -3.20274e-13 2.70775e-13 -1.92164e-12 2
84 24 10 -4.81501e-13 6.24291e-13 1.09266e-12 4
75 71 3 -5.37052e-13 -4.77243e-13 1.56801e-12 8
32 23 19 5.07732e-13 4.23696e-13 9.95783e-13 9
32 34 47 5.50203e-13 2.97378e-13 2.08282e-13 10
42 70 98 1.7799e-13 -6.44175e-13 -1.68748e-12 2
70 7 36 -4.29444e-13 1.70442e-12 1.11232e-12 1
72 15 6 -4.11815e-13 9.81287e-13 1.07156e-12 3
84 55 25 -2.10022e-12 -1.31088e-12 -5.56061e-13 3
77 4 7 -4.83208e-13 1.26266e-12 9.4767e-13 7
19 17 67 8.83436e-13 1.08822e-12 -9.56397e-13 9
83 67 48 -7.22804e-13 -5.67892e-13 5.43134e-14 3
22 23 56 7.20001e-13 5.18536e-13 -2.97534e-14 6
51 30 33 -2.04958e-13 5.89278e-13 7.10253e-13 5
25 87 1 1.99682e-12 8.28803e-13 1.37666e-12 1
96 40 62 -1.84124e-12 3.51593e-13 -2.01593e-13 10
9 58 64 1.33134e-12 -3.73547e-13 -3.69283e-13 7
88 23 2 -7.13488e-13 6.6931e-13 1.56959e-12 2
49 72 86 1.70273e-13 -6.44491e-13 -1.23968e-12 10
94 1.38988e-14 37 -9.94869e-13 1.38988e-12 2.76492e-13 8
13 90 55 1.12715e-12 -1.41937e-12 -1.31328e-13 4
97 82 78 -9.80253e-13 -1.08171e-12 1.72362e-13 2
49 7 21 1.28728e-13 1.0609e-12 6.6487e-13 10
68 3 71 -1.08151e-12 8.55466e-13 -5.99421e-13 8
90 52 56 -1.58306e-12 3.85028e-13 4.8155e-13 10
40 37 15 1.20822e-12 8.28577e-13 4.2453e-13 4
26 88 1 1.15908e-13 -1.06442e-12 1.34638e-12 7
81 98 87 -4.78677e-13 -1.25934e-12 -7.64414e-13 9
99 4 38 -1.3706e-12 1.01055e-12 2.03093e-13 10
85 9 66 -5.97446e-13 -4.70675e-14 -4.82304e-13 4
73 75 68 -4.18081e-13 5.76272e-12 -3.40315e-13 4
31 91 51 7.5591e-13 -1.60951e-12 2.05636e-13 2
45 39 81 -1.4753e-13 3.38318e-13 -1.31191e-12 6
13 99 23 8.54211e-13 -1.30779e-12 5.22561e-13 8
82 23 18 -6.58632e-13 7.83289e-13 6.77595e-13 1
51 66 76 1.06799e-13 -5.28857e-13 -9.36333e-13 10
55 40 98 -1.63586e-13 4.66323e-14 -1.67643e-12 5
6 27 7 1.37954e-12 3.77012e-13 6.56638e-13 4
31 40 50 5.67445e-13 -1.08384e-13 -2.66776e-13 8
58 57 7 -8.09921e-14 -7.69592e-13 1.33661e-12 6
31 6 47 7.90219e-13 1.82316e-12 -1.31897e-13 6
80 20 8 -5.54272e-13 8.00089e-13 1.12932e-12 7
56 19 75 -1.32081e-13 1.36791e-12 -1.00646e-12 10
1 35 65 1.71499e-12 3.30161e-13 -5.00251e-13 1
59 54 32 -5.02356e-13 -2.52608e-13 5.58211e-13 3
9 13 99 5.81597e-13 5.65737e-13 -1.28139e-12 4
67 65 3 -2.27639e-13 -5.21721e-13 1.65224e-12 7
73 79 27 5.64133e-14 -5.85655e-13 7.63196e-13 4
51 78 62 -3.39731e-13 -9.63187e-13 -3.17636e-13 3
33 8 44 3.23842e-13 1.77891e-12 5.87263e-13 2
61 28 10 -4.37271e-13 5.32252e-13 1.36946e-12 2
87 66 2 -1.00625e-12 -3.35448e-13 1.55849e-12 10
96 79 27 -1.35606e-12 -7.54176e-13 5.55449e-13 3
2 38 84 1.53081e-12 5.38323e-14 -6.79246e-13 8
98 59 31 -1.792e-12 5.38436e-13 6.68898e-13 4
59 99 47 -1.92391e-13 -1.63668e-12 9.62664e-14 7
7 61 2 8.3503e-13 -1.74662e-13 1.21989e-12 8
59 64 81 -2.57861e-13 -4.65029e-13 -9.99844e-13 6
84 12 93 -9.73053e-13 7.04568e-13 -1.03219e-12 6
87 45 80 -1.06668e-12 3.6907e-13 3.63778e-12 10
61 94 74 -4.74155e-13 -1.63908e-12 -6.57006e-13 9
16 34 92 7.05539e-13 1.71332e-13 -1.28635e-12 8
48 5 38 7.12021e-14 1.62034e-12 5.26462e-13 1
93 53 20 -1.09432e-12 -2.21602e-13 6.23333e-13 3
15 6 40 1.07258e-12 1.23267e-12 4.93184e-13 8
99 19 21 -1.94962e-12 6.16844e-14 4.35766e-13 4
54 45 27 -2.08261e-13 -2.60845e-13 6.00547e-13 6
4 90 73 3.57878e-12 -7.42719e-13 1.77585e-12 4
87 87 63 -6.87778e-13 -1.14822e-12 -4.20559e-13 5
3 30 30 1.63131e-12 2.97768e-13 4.66482e-13 5
16 99 92 7.43623e-13 -1.14102e-12 -7.98036e-13 6
70 3 44 3.37465e-13 2.96548e-12 -5.49115e-13 4
28 9 14 1.55043e-12 2.28819e-12 8.71844e-13 4
57 97 83 2.07042e-13 -1.24811e-12 -1.0749e-12 5
6 46 11 1.33494e-12 1.84133e-14 1.06616e-12 6
32 13 43 1.94036e-13 1.21738e-12 4.62171e-13 8
81 94 17 -4.54869e-13 -1.34306e-12 7.36826e-13 8
45 81 57 -2.53768e-13 -1.15698e-12 -1.74414e-13 6
7 17 25 1.09084e-12 8.94635e-13 5.78331e-13 7
47 43 69 1.01268e-13 1.20306e-13 -5.0883e-13 5
10 75 29 5.11662e-13 -6.95852e-13 5.10526e-13 7
20 19 62 1.47661e-12 1.88987e-13 1.12486e-13 10
17 80 47 9.54422e-13 -9.9291e-13 -2.26714e-13 1
56 84 92 -1.46906e-13 -9.82908e-13 -1.41251e-12 6
60 60 56 -3.00416e-13 -4.8947e-13 -2.73712e-13 6
75 71 79 -4.48352e-13 -8.00815e-13 -7.52837e-13 6
68 12 74 -3.37996e-13 1.0055e-12 -8.57976e-13 2
3 25 93 1.27117e-12 2.1284e-13 -1.09706e-12 4
28 91 89 5.04361e-13 -1.02973e-12 -9.4141e-13 6
36 31 76 3.75642e-13 5.32521e-13 -1.45554e-12 5
35 22 34 3.69889e-13 8.38844e-13 6.32156e-13 8
15 73 14 1.0007e-12 -6.31462e-13 1.06038e-12 6
79 76 32 -6.5876e-13 -5.76061e-13 2.98823e-13 1
56 45 19 -1.48977e-13 -1.97766e-13 1.26752e-12 4
52 15 33 -1.82634e-13 1.11703e-12 6.50529e-13 10
75 63 66 -2.14215e-13 -4.30173e-13 -2.34465e-13 4
91 85 63 -1.2082e-12 -7.87129e-13 -3.12935e-13 4
78 44 88 -7.64302e-13 1.9236e-13 -1.22545e-12 2
51 24 36 -2.38827e-13 9.01812e-13 4.68216e-13 3
10 8 79 7.52983e-13 6.98894e-13 -7.26386e-14 1
35 79 97 -4.10696e-13 -4.48436e-13 -1.45185e-12 6
69 9 49 2.42767e-13 1.84655e-12 -3.82018e-14 9
86 34 4 -5.82607e-13 6.95753e-14 1.36879e-12 9
59 35 15 -9.02411e-13 6.72522e-13 3.82172e-13 3
18 34 17 5.92035e-13 2.20552e-13 4.12276e-13 9
42 95 10 2.60495e-13 -1.64201e-12 4.2578e-13 9
98 19 49 -1.67847e-12 6.83123e-13 1.00196e-13 4
28 79 41 7.04074e-13 -1.20853e-12 2.97047e-13 9
32 80 35 -7.13741e-13 -1.21552e-12 4.59678e-13 5
25 66 57 8.25826e-13 -4.89297e-13 -1.49484e-14 6
39 26 45 -1.19116e-13 3.3753e-13 2.2263e-13 9
2 45 51 1.85482e-12 5.6266e-14 -5.2037e-14 5
98 89 21 -1.36811e-12 -7.42856e-13 5.17923e-13 7
47 50 38 1.42675e-13 -8.92389e-15 -3.02979e-14 7
79 49 37 -8.28541e-13 -3.15021e-13 7.21595e-13 3
18 4 71 5.8226e-13 1.51552e-12 -6.37597e-13 4
13 39 30 1.1012e-12 -2.01258e-14 4.17683e-13 2
86 77 43 -1.96247e-12 -1.32721e-12 1.28983e-12 8
18 86 22 5.65574e-13 -9.94799e-13 4.00089e-14 10
16 23 72 1.0335e-12 7.88784e-13 -6.61063e-13 9
62 46 74 -3.39849e-13 1.62589e-12 7.3329e-13 5
6 68 48 1.33419e-12 -4.10332e-13 1.59498e-13 5
7 36 28 1.45712e-12 -4.75942e-14 4.57087e-13 10
83 62 53 -1.05928e-12 -1.89886e-13 5.50233e-13 5
31 24 98 2.34572e-13 4.43864e-13 -1.60968e-12 2
9 68 95 9.58447e-13 -4.01653e-13 -1.36336e-12 10
77 94 62 -2.7455e-13 -1.47787e-12 -2.5659e-13 9
67 67 85 -2.32081e-13 -5.75785e-13 -1.0928e-12 9
83 50 71 -8.99994e-13 2.82714e-14 -5.58679e-13 9
82 6 68 -6.60729e-13 1.26889e-12 -7.29336e-13 5
1 80 83 1.31635e-12 -5.98964e-13 -6.01481e-13 2
84 98 23 -5.90416e-13 -1.49786e-12 3.15916e-13 9
45 20 19 7.2704e-14 1.08784e-12 7.79562e-13 1
41 90 45 3.59928e-13 -1.42746e-12 3.05487e-13 10
33 3 56 6.40805e-13 1.53851e-12 -8.96826e-13 7
8 96 82 7.71612e-13 -1.31457e-12 -6.24264e-13 4
9 20 46 1.36952e-12 1.02696e-12 -3.54335e-13 1
72 10 39 -1.06073e-12 1.30641e-12 6.9676e-13 7
22 56 60 7.59484e-13 1.57113e-13 3.07977e-13 8
41 11 61 2.86405e-13 1.55911e-12 -4.84748e-13 2
88 82 73 -9.46134e-13 -8.85267e-13 -3.64792e-13 2
18 59 78 8.71765e-13 -3.88457e-13 -1.03693e-12 4
88 80 66 -1.04826e-12 -6.74814e-13 -5.25788e-13 5
58 95 7 -3.93275e-14 -1.15927e-12 1.03442e-12 2
23 20 94 1.0157e-13 7.06423e-13 -1.42627e-12 2
88 30 19 -1.44019e-12 -2.63625e-16 2.46732e-13 5
5 56 52 1.39109e-12 -1.18072e-12 1.08686e-12 2
61 33 3 -1.46045e-12 1.45969e-12 2.79655e-12 2
99 51 41 -1.91588e-12 4.50005e-14 2.42195e-13 3
2 16 24 1.41767e-12 6.78809e-13 5.05445e-13 5
78 69 15 -6.90488e-13 -2.4751e-13 7.19715e-13 4
51 74 80 1.82215e-13 -8.24515e-13 -1.09708e-12 7
53 63 43 -2.76158e-13 -7.76511e-13 1.39434e-14 6
37 70 13 4.13185e-13 -1.06504e-12 1.15729e-12 8
24 76 16 6.3259e-13 -6.7418e-13 1.30608e-12 6
76 24 61 -7.29986e-13 7.86168e-13 -5.46402e-13 7
27 41 97 3.74033e-13 3.81777e-14 -1.85738e-12 6
42 32 32 2.28309e-13 4.53556e-13 5.97568e-13 7
82 94 27 -5.54373e-13 -1.34187e-12 2.35464e-13 1
83 76 41 1.07775e-14 -6.14996e-13 6.44821e-13 2
69 67 21 -3.47083e-13 -3.41794e-13 8.07108e-13 8
83 96 78 -4.72709e-13 -1.45231e-12 -4.0785e-13 8
28 33 74 4.40192e-13 1.41116e-13 -8.23851e-13 7
48 37 67 7.60736e-14 6.97152e-14 -4.90155e-13 7
59 46 55 -2.04766e-13 -1.35298e-13 -1.54781e-13 2
17 4 99 3.23613e-13 9.98104e-13 -1.04814e-12 10
85 56 90 -7.55128e-13 1.14382e-13 -1.46433e-12 5
39 98 47 3.3645e-13 -1.79132e-12 2.49907e-13 5
44 35 20 -3.64733e-14 1.57876e-13 9.35988e-13 10
80 7 16 -4.07452e-13 1.2903e-12 8.20533e-13 9
39 46 84 1.98115e-13 2.42685e-14 -1.36812e-12 3
55 55 65 -2.83491e-13 -1.47468e-13 -3.45249e-13 6
25 38 89 5.1114e-13 1.48668e-13 -1.21067e-12 3
25 26 35 8.01848e-13 5.34812e-13 6.68639e-13 3
15 66 60 1.11483e-12 -6.76873e-13 -1.26179e-13 7
31 74 64 1.5188e-12 -8.82209e-13 -2.74919e-13 10
29 8 68 5.15518e-13 1.32054e-12 -2.31588e-13 6
73 56 85 -5.5575e-13 1.1561e-13 -1.31776e-12 10
89 19 64 -1.27064e-12 9.26333e-13 -2.42853e-13 6
33 87 51 6.13524e-13 -1.26766e-12 1.15068e-13 8
94 67 41 -1.41988e-12 -6.2769e-13 -7.9981e-14 9
22 52 70 6.73809e-13 -4.57248e-14 -6.04804e-13 6
39 81 57 4.99883e-13 -3.55126e-13 1.44725e-13 8
58 23 81 -3.98678e-13 9.24254e-13 -1.53336e-12 10
46 44 53 7.46802e-14 3.93983e-14 -9.0451e-14 1
65 32 15 -2.62046e-13 3.24324e-13 1.11451e-12 8
81 97 68 -3.59361e-13 -1.46365e-12 -3.4987e-13 1
15 3 2 5.27361e-13 7.5939e-13 1.20755e-12 9
8 95 86 8.54613e-13 -1.0211e-12 -8.95986e-13 3
57 34 46 -1.88017e-13 6.89013e-13 5.71134e-15 6
29 4 1 2.64197e-13 1.02419e-12 1.11023e-12 6
77 1 66 -1.12628e-12 1.00983e-12 -1.29827e-13 5
91 42 67 -2.67697e-13 2.56587e-12 -6.02429e-13 1
45 80 96 9.71393e-14 -5.17301e-13 -1.45215e-12 3
60 71 83 -2.67516e-13 -7.79319e-13 -1.07462e-12 1
84 73 44 -2.7674e-13 -1.47069e-13 -1.15609e-13 1
87 61 59 -1.21694e-12 -6.20753e-13 -3.83489e-13 6
34 78 89 2.86808e-13 -6.56484e-13 -1.1451e-12 1
3 15 77 1.12435e-12 3.46807e-13 -2.61959e-13 5
35 21 68 1.47808e-13 1.21256e-12 -4.52059e-13 3
69 82 99 -2.04086e-13 -8.30016e-13 -1.38879e-12 8
36 76 91 1.81343e-13 -5.02784e-13 -1.19251e-12 1
78 9 92 -4.63397e-13 1.36112e-12 -6.48929e-13 9
53 57 51 -2.03492e-13 -3.14982e-13 -2.77593e-13 10
54 50 38 2.74043e-13 -7.01746e-13 6.12153e-13 6
48 94 42 2.68428e-14 -1.69238e-12 2.49945e-13 9
14 38 67 1.22473e-12 3.44471e-13 -5.62455e-13 4
41 58 21 1.07353e-13 -1.84472e-13 1.14044e-12 3
60 21 67 -3.52998e-13 9.0287e-13 -4.50227e-13 1
40 22 83 2.89577e-14 7.34245e-13 -1.20464e-12 4
26 27 45 9.29933e-13 5.62327e-13 1.73611e-13 9
22 41 81 6.73769e-13 -4.37433e-14 -1.10623e-12 1
42 25 22 2.30231e-13 8.11128e-13 1.04762e-12 9
52 13 93 -7.5835e-14 1.06588e-12 -1.40078e-12 9
93 42 56 -1.52005e-12 2.93381e-13 2.58915e-13 1
22 48 7 2.89567e-13 6.88954e-14 1.50971e-12 7
47 26 28 -4.94952e-13 1.15956e-12 -3.20381e-13 2
89 16 38 -1.35574e-12 5.73568e-13 -1.23261e-13 7
72 82 25 -7.24323e-14 -1.15342e-12 8.27248e-13 3
14 79 40 1.06305e-12 -8.25189e-13 3.79494e-13 9
55 58 83 -1.69525e-13 -1.48455e-13 -8.69616e-13 3
89 2.97469e-14 49 -1.00906e-12 2.97469e-12 -6.06619e-14 3
77 10 25 -4.30359e-13 1.23948e-12 3.99248e-13 6
99 24 57 -1.65991e-12 5.38309e-13 -2.72031e-13 4
91 45 67 -1.2126e-12 1.19544e-13 -6.52673e-13 9
40 85 3 1.9135e-13 -7.03847e-13 1.38368e-12 5
57 45 80 1.7102e-13 2.78532e-13 -1.17158e-12 5
46 51 51 9.92787e-14 -7.55555e-14 -2.04228e-13 10
8 70 89 1.33248e-12 -5.04695e-13 -1.21088e-12 10
60 42 32 -6.76526e-13 1.25697e-13 6.03415e-13 7
77 66 88 -2.01923e-13 -1.36098e-12 -7.39726e-13 4
48 77 14 1.91554e-13 -1.04155e-12 6.64335e-13 6
59 35 34 -5.26574e-13 5.91884e-13 6.14931e-13 7
5 82 74 1.3586e-12 -5.2491e-13 -7.61348e-13 1
61 65 90 -2.82487e-13 -5.26013e-13 -1.47537e-12 7
57 59 49 -4.39784e-13 -3.85625e-13 -7.9832e-14 2
53 23 8 3.31158e-15 7.34278e-13 1.26423e-12 3
89 91 45 -1.35539e-12 -7.49143e-13 -3.89863e-13 4
43 15 59 2.62611e-13 1.29649e-12 -5.72555e-13 9
72 95 44 -3.41177e-13 -1.45459e-12 4.69981e-14 5
24 31 47 1.08508e-12 1.98958e-13 4.922e-14 3
87 90 95 -6.35486e-13 -9.34462e-13 -1.06173e-12 10
7 33 35 1.32839e-12 8.35294e-14 5.14862e-13 7
44 77 56 -1.30646e-13 -7.29993e-13 -8.3735e-14 6
19 59 72 7.37611e-13 -4.82929e-13 -6.31522e-13 7
59 95 76 1.34365e-13 -1.69614e-12 -1.13181e-12 2
35 40 49 1.15706e-14 -1.33022e-14 1.02915e-13 6
95 95 22 -1.07792e-12 -1.20238e-12 1.02743e-12 2
69 81 56 -2.73479e-13 -1.05211e-12 -9.95579e-14 5
47 85 94 -7.47152e-15 -9.99753e-13 -1.28829e-12 10
56 89 59 -3.00647e-13 -1.04425e-12 -1.74243e-13 9
95 64 39 -1.60672e-12 -1.43e-14 3.03384e-13 6
74 34 13 -5.86899e-13 -1.16198e-13 1.24939e-12 8
6 27 58 1.70839e-12 2.02423e-13 -1.72703e-13 1
86 65 69 -1.14093e-12 -5.60122e-13 -3.11916e-13 7
35 19 76 1.97295e-13 1.08714e-12 -1.09046e-12 7
47 46 75 -2.15379e-13 4.77499e-13 -8.92213e-13 9
68 39 15 -4.78308e-13 1.89866e-14 1.09733e-12 5
11 13 7 8.83289e-13 5.93744e-13 9.15218e-13 3
84 81 18 -1.00939e-12 -1.35318e-12 1.49115e-13 4
61 75 31 -3.12381e-13 -9.00925e-13 4.58683e-13 8
63 90 9 2.2035e-14 -9.41161e-13 1.22831e-12 4
68 31 97 -3.36055e-13 6.88548e-13 -1.65862e-12 10
29 10 14 -5.37566e-13 2.05055e-13 9.1086e-13 5
90 61 51 -8.73769e-13 -1.94866e-13 -5.58432e-13 3
59 21 15 -2.35783e-13 8.92264e-13 9.82911e-13 9
85 34 85 -1.02462e-12 3.60703e-13 -9.43106e-13 5
18 11 57 7.11476e-13 1.51894e-12 2.30633e-15 10
29 94 55 5.56122e-13 -1.60248e-12 3.72205e-13 4
82 81 94 -4.87534e-13 -7.72528e-13 -9.45859e-13 1
96 52 8 -1.22018e-12 3.90584e-14 1.21937e-12 10
76 29 28 -8.21984e-13 4.868e-13 3.44598e-13 6
33 74 64 -1.29146e-12 -9.09145e-13 -3.63969e-13 7
20 22 68 7.37616e-13 4.83342e-13 -6.68076e-13 4
26 91 6 3.84242e-13 -1.20735e-12 1.15622e-12 5
19 38 40 1.30551e-12 6.35605e-13 2.58721e-13 7
2 11 79 -9.85078e-13 3.21687e-12 -4.53704e-13 2
42 58 65 2.87703e-13 -6.50173e-13 -1.29752e-13 3
59 27 10 -1.15146e-13 7.19764e-13 1.37022e-12 1
30 42 90 2.63412e-13 1.57344e-13 -1.37725e-12 4
20 14 26 7.60302e-13 1.0707e-12 4.36802e-13 3
6 66 99 1.00968e-12 -2.36306e-13 -1.4576e-12 1
93 68 75 -1.18169e-12 -4.96291e-13 -1.33039e-13 9
72 2 31 -4.17288e-13 1.57729e-12 5.15385e-13 8
10 91 33 9.7793e-13 -1.14314e-12 3.01943e-13 6
76 43 51 -9.90781e-13 9.58434e-14 8.17871e-14 2
16 57 75 1.19645e-12 -1.43122e-13 -7.89798e-13 6
3 36 56 1.59146e-12 2.61752e-13 5.95154e-14 2
37 15 81 -1.6101e-14 1.01879e-12 -9.4644e-13 7
98 6 45 -1.3698e-12 9.68263e-13 -1.21454e-13 7
18 58 66 9.0628e-13 -5.90766e-13 -6.21512e-13 9
84 8 10 -5.60669e-13 1.0189e-12 9.74633e-13 9
92 13 43 -1.62474e-12 8.24719e-13 -6.15008e-14 3
11 84 98 2.53571e-14 -3.80931e-13 -1.36649e-12 2
4 28 43 2.14578e-12 -6.53951e-14 1.77671e-13 9
96 31 98 -9.90823e-13 2.61284e-13 -1.14839e-12 6
73 32 37 -4.7666e-13 5.5748e-13 2.01363e-14 1
99 85 60 -1.63303e-12 -5.82656e-13 -4.15031e-14 3
75 4 49 -6.09804e-13 1.8385e-12 2.59919e-13 8
52 55 5 -4.48339e-13 3.27018e-14 1.9051e-12 10
94 65 35 -1.0894e-12 -3.08396e-13 3.19677e-13 1
96 23 36 -1.55069e-12 4.17382e-13 3.31842e-13 2
35 3 54 -2.67566e-13 1.68071e-12 1.97979e-13 10
5 72 36 2.09434e-12 -4.02142e-14 2.37314e-13 4
63 54 6 -5.17815e-13 1.19722e-14 1.56042e-12 1
37 80 50 7.33006e-13 -1.30867e-12 1.51341e-13 5
9 54 30 1.40302e-12 -5.67069e-14 3.19291e-13 1
31 4 97 3.14479e-13 9.93395e-13 -1.11515e-12 9
1 80 67 1.56095e-12 -6.37089e-13 -6.13426e-12 4
71 66 75 -3.53226e-13 -6.29989e-13 -6.7586e-13 8
56 23 76 -6.90068e-14 6.29614e-13 -9.23005e-13 8
77 66 7 -5.40779e-13 -2.44481e-13 1.25502e-12 5
45 91 60 2.51716e-13 -1.55979e-12 -5.77533e-13 9
34 89 65 3.6489e-13 -1.16349e-12 -5.74412e-13 9
43 41 79 3.01971e-13 5.21793e-14 -9.53294e-13 4
34 73 44 3.29505e-14 -7.17682e-13 4.33665e-14 5
72 69 97 -7.05816e-13 -1.86739e-13 -1.83233e-12 1
67 45 9 -4.76866e-13 1.93932e-13 1.35727e-12 1
59 38 45 -3.11152e-13 3.54373e-14 9.62467e-14 9
20 18 93 -8.90124e-13 -5.44853e-14 -8.34169e-13 1
67 58 39 -4.38161e-13 -4.61207e-14 3.63113e-13 2
96 46 7 -1.75873e-12 1.19233e-14 1.20412e-12 6
2 4 99 8.66008e-13 1.08169e-12 -9.78067e-13 9
97 80 23 -1.47005e-12 -6.70763e-13 7.38754e-13 5
44 56 80 -1.53241e-13 -2.2993e-13 -1.42555e-12 7
73 54 80 -2.18247e-14 -2.70222e-13 -9.03177e-13 5
77 46 65 -8.6234e-13 -1.10488e-13 -3.53135e-13 5
36 54 32 -4.87937e-13 -7.17125e-13 -1.93887e-12 6
50 83 83 1.47961e-13 -1.1142e-12 -6.85385e-13 3
91 74 59 -1.23934e-12 -6.04249e-13 -2.46867e-13 4
57 27 54 -2.51792e-13 6.60326e-13 -1.34546e-13 3
79 5 59 -7.94946e-13 1.52575e-12 -6.60159e-13 5
56 41 3 -1.94759e-14 2.22284e-13 1.7152e-12 5
32 15 82 6.06155e-13 8.62549e-13 -1.07087e-12 4
82 55 1 -2.19369e-13 1.18287e-12 1.64013e-12 8
43 36 2 -1.64529e-13 1.0529e-13 1.7752e-12 9
90 75 29 -1.03801e-12 -6.42606e-13 8.89493e-13 6
76 26 20 -6.73934e-13 6.92739e-13 5.86783e-13 9
50 11 47 -1.43808e-13 1.49844e-12 1.19371e-13 10
64 18 58 -1.17249e-13 5.05451e-13 -2.67014e-13 9
25 37 24 2.40317e-13 1.02514e-12 6.54622e-13 6
48 47 18 6.77945e-14 -5.81031e-14 1.22674e-12 1
53 84 87 -2.46238e-14 -1.06954e-12 -1.1142e-12 7
21 16 5 6.65706e-13 6.6959e-13 1.11671e-12 10
86 85 47 -9.22678e-13 -1.16862e-12 -6.09082e-14 3
66 17 40 -2.11631e-13 6.19034e-13 5.95441e-13 2
97 62 44 -1.81904e-12 -9.83644e-14 -9.62526e-15 8
30 21 78 5.45714e-13 1.05831e-12 -1.08041e-12 1
70 4 26 -3.12969e-13 1.35835e-12 6.44179e-13 3
15 27 48 9.78605e-13 2.86336e-13 -8.20154e-14 10
11 65 88 1.06894e-12 -2.53201e-13 -9.72961e-13 3
7 76 87 1.18733e-12 -7.25863e-13 -7.58347e-13 8
51 42 7 1.11537e-13 1.15578e-13 1.41384e-12 1
99 55 14 -2.35362e-12 -2.71308e-13 1.4999e-13 3
23 35 76 -1.69035e-13 2.60199e-13 -6.71664e-13 1
6 42 90 1.09646e-12 3.12711e-15 -1.01385e-12 10
92 72 29 -1.36701e-12 -2.53385e-13 6.936e-13 3
83 94 40 -6.5237e-13 -1.742e-12 -1.55183e-12 7
15 38 1 4.78047e-13 2.94911e-14 1.64715e-12 4
96 58 10 -9.9738e-13 -8.34848e-13 1.19529e-12 7
1.89897e-14 20 43 1.89897e-12 5.47812e-13 7.04765e-14 6
4 13 90 1.18213e-12 6.99806e-13 -7.88632e-13 1
92 59 39 -1.21518e-12 4.569e-14 2.82233e-13 6
83 71 81 -5.1647e-13 -7.63809e-13 -5.83244e-13 10
27 59 17 2.1098e-13 7.58909e-14 1.33883e-12 5
92 52 82 -1.54353e-12 1.40275e-13 -9.29318e-13 7
34 60 56 2.60491e-13 -3.82362e-13 1.1189e-13 6
74 33 89 -8.57066e-13 5.06495e-13 -9.37086e-13 5
90 41 89 -1.13617e-12 2.85861e-13 -1.18621e-12 6
35 21 28 5.83633e-13 1.03553e-12 6.15546e-13 8
75 80 29 -7.60346e-13 -7.86679e-13 1.41953e-13 8
38 62 21 3.56016e-13 -4.53665e-13 9.06756e-13 7
50 56 6 9.95134e-13 -7.89257e-13 1.00185e-12 8
75 30 78 -1.1638e-12 -3.92879e-13 -7.43307e-13 3
12 61 83 1.09994e-12 -2.61151e-13 -7.64742e-13 3
46 2 48 1.24947e-13 1.87349e-12 -2.34373e-14 9
20 32 11 2.01474e-13 5.85999e-13 1.37061e-12 3
36 42 72 3.89204e-13 7.36392e-14 -7.53735e-13 2
85 17 43 -1.20784e-12 4.41171e-13 8.88098e-14 7
46 58 29 -6.38729e-13 -9.22661e-13 5.56567e-13 8
50 31 12 -2.30997e-14 2.2119e-13 1.23192e-12 2
88 50 80 -1.16416e-12 -4.52779e-14 -8.634e-13 4
96 20 9 -1.61246e-12 8.0209e-13 1.03769e-12 10
14 24 98 1.10956e-12 3.38511e-14 -1.79275e-12 3
63 6 7 -1.57216e-13 1.38563e-12 1.23251e-12 2
75 29 82 -7.43864e-13 7.07644e-13 -1.03751e-12 2
10 70 39 1.1917e-12 -4.60892e-13 1.82472e-14 9
65 4 73 5.48042e-14 1.41933e-12 -1.03704e-12 2
82 33 16 -7.84826e-13 -2.15071e-14 8.058e-13 7
42 34 20 1.46908e-12 9.01304e-13 8.86466e-13 2
43 90 26 8.12397e-14 -1.22244e-12 5.5557e-13 10
66 87 33 -1.69548e-13 -1.47238e-12 8.99438e-14 4
63 46 40 -5.57123e-13 -8.25383e-14 3.30221e-13 2
74 32 35 -7.73024e-13 5.09811e-13 5.86649e-13 4
40 52 10 2.08971e-13 3.15686e-13 1.42719e-12 10
15 67 69 9.65726e-13 -6.19215e-13 -2.18513e-13 3
15 89 64 1.28785e-12 -1.21697e-12 -2.78863e-13 3
78 62 82 -6.21311e-13 -5.00146e-13 -7.60301e-13 5
84 73 93 -6.6063e-13 -7.29431e-13 -1.56472e-12 3
18 76 92 6.98931e-13 -5.0329e-13 -1.42257e-12 4
75 20 42 -8.35746e-13 5.39896e-13 3.64634e-13 7
20 30 85 2.8906e-13 4.05525e-13 -9.12604e-13 5
78 14 48 -8.53853e-13 7.51742e-13 3.74153e-14 9
38 79 49 -4.96468e-14 -5.39913e-13 1.04253e-12 1
88 36 69 -1.25573e-12 5.51728e-13 -6.44616e-13 9
19 9 67 5.04688e-13 1.42723e-12 -6.74856e-13 9
24 44 36 1.2388e-12 -1.31485e-13 1.27702e-13 9
72 69 1.87173e-14 -2.15896e-13 -3.37555e-13 1.87173e-12 7
91 37 72 -1.61962e-12 4.29616e-13 -8.58201e-13 3
15 95 41 6.64775e-13 -1.43198e-12 1.32831e-13 9
66 61 46 -6.96022e-13 -1.9789e-14 2.35494e-14 8
67 64 29 -3.99592e-13 -3.36614e-13 6.39746e-13 4
50 56 44 -2.03033e-13 -1.8475e-13 -5.77738e-14 10
86 11 53 -1.01831e-12 1.07784e-12 -5.54044e-13 2
74 28 78 -4.99548e-13 9.89692e-13 -7.77906e-13 8
59 72 27 -2.26235e-13 -6.53125e-13 8.6664e-13 2
81 52 92 -7.47465e-13 2.35608e-13 -1.5107e-12 10
92 28 92 -9.67477e-13 3.70675e-13 -1.37484e-12 8
53 67 90 -2.13018e-14 -4.65164e-13 -1.23495e-12 9
92 79 37 -1.58156e-12 -1.13671e-12 1.59685e-14 10
88 43 95 -1.00324e-12 2.7379e-13 -1.46732e-12 2
54 68 37 -2.84891e-13 -9.81997e-13 -1.59891e-13 2
55 92 75 2.1192e-13 -1.08272e-12 -8.08658e-13 3
29 53 30 1.04266e-12 -1.54602e-13 6.26348e-13 9
50 65 97 5.28384e-13 -2.59052e-13 -2.55376e-12 1
70 60 40 -7.54038e-13 -1.97766e-13 2.97537e-13 3
94 26 6 -1.3706e-12 3.47151e-13 1.42761e-12 5
61 3 53 -1.22527e-13 1.87654e-12 -1.76316e-13 5
31 69 68 4.84155e-13 -4.70263e-13 -7.32449e-13 9
56 73 32 -9.35759e-14 -1.21981e-12 5.46968e-13 3
90 80 15 -1.26647e-12 -3.06402e-13 1.58705e-12 4
26 43 45 1.05174e-12 -2.19536e-13 2.06614e-13 4
53 52 76 -1.57845e-13 -9.65796e-14 -9.14817e-13 5
61 11 7 5.4753e-13 8.36564e-13 1.96196e-12 6
85 70 44 -5.66235e-13 -1.70424e-13 -9.12086e-14 3
14 49 74 1.27038e-12 -1.6191e-13 -8.04715e-13 1
15 16 69 1.35583e-12 1.04519e-12 -8.28585e-13 3
47 13 33 1.88804e-13 1.3634e-12 6.3964e-13 3
16 84 18 1.03142e-12 -1.88862e-14 7.43291e-13 5
84 30 24 -1.04053e-12 3.26669e-13 3.04917e-13 8
8 70 55 1.36129e-12 -5.86998e-13 -1.7171e-14 10
35 38 95 1.91683e-13 8.84811e-14 -1.69206e-12 1
1.60135e-14 45 26 1.60135e-12 -1.18899e-13 3.26323e-13 5
78 51 74 -6.5901e-13 1.1161e-13 -6.64191e-13 4
83 82 8 -5.92966e-13 -7.38955e-13 1.22449e-12 5
45 4 15 -3.6906e-15 1.23748e-12 1.01042e-12 2
73 73 37 -5.18756e-13 -7.70458e-13 1.81304e-13 3
60 34 4 -6.53351e-14 5.29586e-14 1.39742e-12 9
79 86 23 -7.77691e-13 -8.96121e-13 4.27283e-13 8
18 16 22 6.89532e-13 2.30605e-12 1.3732e-12 1
81 45 39 -1.16647e-12 3.41826e-13 2.65717e-13 7
5 79 47 1.43515e-12 -7.16431e-13 -6.83396e-14 10
88 70 88 -9.6863e-13 -4.55657e-13 -1.45042e-12 9
51 59 72 -5.74807e-14 -8.07976e-14 -9.07566e-13 8
76 26 90 -4.85312e-13 7.55887e-13 -1.29443e-12 7
69 36 99 -3.76502e-13 6.61947e-14 -1.84889e-12 7
39 12 68 1.75071e-13 1.29443e-12 -5.87891e-13 7
90 57 54 -1.43758e-12 -2.87254e-13 -8.29378e-15 10
12 69 99 6.03998e-13 -4.23568e-13 -1.57673e-12 2
40 93 67 4.63909e-14 -1.53447e-12 2.39644e-13 1
17 1 49 1.0013e-12 1.75327e-12 1.21623e-13 5
63 80 11 6.74476e-15 -1.00167e-12 1.1141e-12 1
14 36 62 1.12348e-12 2.82429e-13 8.50576e-14 5
16 11 11 6.98412e-13 9.41156e-13 9.48041e-13 3
1.75931e-14 5 14 1.75931e-12 1.52473e-12 7.07205e-13 7
96 30 41 -1.65079e-12 4.07643e-13 3.34632e-13 2
90 66 21 -1.28627e-12 -3.57635e-13 9.60771e-13 10
51 15 92 4.24556e-13 2.88415e-14 -8.65694e-13 2
7 34 95 1.19253e-12 1.49558e-13 -1.31718e-12 8
65 38 55 -1.80932e-13 2.32017e-13 -2.0139e-13 7
82 69 1 7.6083e-13 9.0709e-13 1.58498e-12 1
32 95 86 5.40299e-14 -1.41216e-12 -5.2257e-13 5
13 1.31908e-14 14 4.85503e-13 1.31908e-12 5.08938e-13 1
32 98 14 4.06e-13 -1.33881e-12 8.95405e-13 10
79 27 91 -1.08501e-12 4.99181e-13 -1.56937e-12 3
29 63 28 3.95982e-13 -3.67018e-13 3.63422e-13 2
94 45 61 -1.96974e-12 1.22312e-13 5.47876e-13 1
1.71928e-14 58 46 1.71928e-12 -2.55712e-13 2.31023e-13 7
53 43 24 8.1003e-13 -6.7308e-13 5.0835e-13 1
3 21 90 1.31909e-12 4.29257e-13 -7.9326e-13 6
71 10 50 -1.26332e-12 8.91375e-13 -7.03687e-13 6
21 21 21 3.96286e-13 6.22182e-13 1.01246e-12 8
18 56 88 7.95669e-13 -9.00779e-14 -1.15619e-12 9
55 16 97 -1.6752e-13 8.09071e-13 -1.47448e-12 1
57 87 85 -1.91086e-13 -1.2431e-12 -9.82473e-13 8
37 34 3 5.94173e-12 5.26606e-13 1.77015e-12 8
34 50 77 5.10633e-13 8.05386e-14 -1.04241e-12 7
5 80 70 1.13245e-12 -5.62829e-13 -5.05544e-13 6
73 25 12 -2.99654e-13 1.00477e-12 1.04163e-12 8
39 87 58 3.88841e-13 -1.60911e-12 -2.12985e-13 1
23 33 60 9.58163e-13 4.70826e-13 -5.44031e-13 1
36 47 38 4.27457e-13 4.05136e-13 3.15652e-13 1
52 22 98 6.36507e-13 2.57679e-13 -1.86036e-12 1
1.344e-14 13 98 1.344e-12 4.95655e-13 -9.35633e-13 4
14 92 74 9.13903e-13 -1.41217e-12 -3.2747e-13 9
7 60 85 1.37931e-12 -1.91319e-13 -8.40451e-13 7
28 83 46 6.21227e-13 -1.36469e-12 5.68153e-14 5
60 45 1 -2.82561e-13 1.23257e-13 1.76923e-12 7
52 55 87 1.68386e-13 1.26328e-13 -1.32355e-12 10
1 59 34 1.57692e-12 -2.22851e-13 4.66814e-13 5
40 93 69 9.12869e-14 -1.49128e-12 -7.83239e-13 5
4 12 83 1.05827e-12 6.95646e-13 -7.98872e-13 3
49 87 26 -1.59857e-13 -1.16185e-12 7.36656e-13 9
69 45 49 -6.86372e-13 -1.04496e-13 -2.98441e-13 10
51 32 70 4.64718e-13 2.58852e-13 -1.08386e-12 10
41 38 14 -1.97663e-13 -4.69638e-13 1.72507e-12 6
62 89 46 -4.76049e-13 -1.45322e-12 -5.36007e-14 10
5 80 23 1.17738e-12 -9.23317e-13 5.27685e-13 1
89 17 28 -1.09864e-12 5.16804e-13 7.60653e-14 8
53 70 94 -4.82476e-14 -7.09413e-13 -1.63543e-12 6
6 27 44 7.8875e-13 4.43098e-13 -5.37064e-13 5
38 44 53 2.51462e-13 -1.01976e-13 -1.98968e-13 5
63 94 67 -2.09909e-13 -1.66028e-12 -1.02992e-13 5
69 39 37 -6.40738e-13 2.08545e-13 5.5386e-13 9
60 88 79 -2.27272e-13 -1.13198e-12 -8.0692e-13 9
93 3 88 -8.2629e-13 8.56344e-13 -8.31199e-13 3
6 96 8 8.4481e-13 -9.66576e-13 8.25948e-13 10
12 23 48 1.13543e-12 6.51251e-13 -1.71569e-13 3
89 82 6 -1.10741e-12 -2.84821e-13 1.17605e-12 9
55 96 73 3.06252e-14 -1.68846e-12 -6.64322e-13 7
60 43 81 -3.04699e-13 4.72711e-13 -1.29984e-12 4
18 78 30 7.92481e-13 -8.8615e-13 3.93021e-13 8
88 75 99 -7.3789e-13 -6.63302e-13 -1.53914e-12 5
33 79 97 1.32042e-12 -5.29361e-13 -1.37922e-12 5
44 37 37 2.3909e-13 2.6072e-13 4.04165e-13 9
69 35 43 -7.25167e-13 5.12423e-13 3.75358e-13 8
84 6 55 -1.07121e-12 1.33397e-12 -3.37468e-13 7
83 70 1 -8.89686e-13 -7.88086e-13 1.55755e-12 6
13 58 27 1.19181e-12 2.99733e-14 4.74123e-13 8
52 21 2 3.91637e-13 9.38465e-13 1.53609e-12 3
30 26 78 4.26084e-13 7.19432e-13 -1.18403e-12 7
16 24 98 -5.64831e-14 2.81706e-13 -1.59969e-12 6
58 28 80 -3.57578e-13 1.85782e-13 -1.23141e-12 8
31 99 96 3.86815e-13 -1.31511e-12 -1.11172e-12 9
8 90 63 1.21885e-12 -1.25117e-12 7.06019e-14 2
11 25 77 1.25407e-12 8.06003e-13 -1.00009e-12 8
98 68 83 -1.91232e-12 -4.41094e-13 -9.88225e-13 3
96 88 39 -1.37927e-12 -1.12e-12 4.7468e-14 7
11 89 61 1.15102e-12 -1.17951e-12 2.017e-13 1
95 46 55 -1.77157e-12 1.76717e-13 1.70299e-13 1
13 34 95 9.69673e-13 1.23151e-13 -1.60458e-12 6
71 66 39 -8.18368e-13 -5.96679e-13 6.17264e-13 7
92 75 38 -2.96681e-12 -3.14337e-13 3.70623e-16 5
51 17 21 -3.45059e-14 1.02537e-12 7.68608e-13 2
1 44 92 1.42685e-12 -2.87675e-14 -1.00661e-12 6
98 30 50 -1.67738e-12 3.87082e-13 1.04403e-14 9
99 61 82 -1.85135e-12 -3.53744e-13 -6.08151e-13 7
73 82 16 -1.67215e-13 -5.20473e-13 1.46833e-13 4
13 34 12 1.54441e-12 1.71769e-13 1.06106e-12 5
13 88 17 1.28263e-12 -1.10915e-12 6.14023e-13 7
2 12 20 1.75214e-12 9.3946e-13 2.96772e-13 8
70 66 42 -5.29271e-13 -7.09246e-13 -2.3739e-13 6
11 34 66 1.47018e-12 4.95991e-13 -4.14608e-13 9
93 27 88 -1.23004e-12 6.87842e-13 -9.85743e-13 6
97 13 51 -1.50174e-12 8.51458e-13 -1.4324e-13 2
51 99 10 -1.07768e-13 -1.38169e-12 8.26138e-13 7
37 48 21 3.92384e-13 5.25695e-14 1.08035e-12 7
4 6 92 9.69598e-13 1.0121e-12 -5.69957e-13 1
50 61 45 2.97833e-15 -8.79134e-13 -2.41109e-13 1
96 17 22 -1.28338e-12 3.36742e-13 8.55171e-14 10
31 66 45 4.58688e-13 -5.00501e-13 -5.23211e-14 10
10 19 55 1.42841e-12 8.36112e-13 -1.06987e-13 3
86 97 70 -5.55291e-13 -1.39754e-12 -4.65672e-13 7
48 21 47 -2.46769e-13 9.4184e-13 4.7617e-13 6
6 45 16 1.39044e-12 1.04611e-13 7.57817e-13 4
20 91 10 5.29476e-13 -1.22267e-12 9.97584e-13 1
21 98 85 5.45907e-13 -1.33425e-12 -6.20509e-13 5
78 45 34 -7.19574e-13 1.17102e-13 6.00799e-13 9
31 13 5 1.40873e-13 8.28731e-13 1.18557e-12 6
68 75 73 -1.47718e-13 -8.60501e-13 -4.6771e-13 3
53 78 77 -1.18321e-13 -1.17022e-12 -6.35031e-13 10
45 73 56 -1.65416e-13 -5.42818e-13 -2.4683e-14 2
43 1.83388e-14 19 4.93371e-13 1.83388e-12 1.06513e-12 5
90 43 30 -1.37011e-12 1.65362e-13 5.4599e-13 1
71 76 76 -4.40682e-13 -9.82485e-13 -7.40864e-13 6
60 51 94 -1.06677e-13 6.92017e-15 -1.62874e-12 9
59 26 51 -3.76766e-13 7.04975e-13 1.19071e-13 1
76 58 41 -7.48447e-13 -3.10998e-13 3.63984e-13 1
95 94 39 -1.19245e-12 -1.33746e-12 8.582e-14 5
77 2 46 -9.54253e-13 2.01275e-12 4.02136e-13 2
53 5 20 -3.40577e-13 1.46526e-12 7.86904e-13 8
38 91 27 8.14576e-13 -1.00953e-12 8.0211e-13 2
31 22 86 2.76355e-13 7.25391e-13 -1.16992e-12 2
69 65 71 -2.79393e-13 -5.97309e-13 -3.67885e-13 2
36 2 89 5.30441e-13 1.35344e-12 -8.95354e-13 1
33 60 42 5.01435e-13 -3.25098e-13 4.78852e-14 4
43 1.69731e-14 24 3.82114e-13 1.69731e-12 1.92282e-13 5
5 21 39 1.82814e-12 1.08494e-12 8.29924e-13 10
7 61 74 1.4721e-12 -7.7738e-13 -9.30631e-13 9
7 22 27 1.14576e-12 3.57338e-13 5.99927e-13 1
73 12 16 -3.30711e-13 9.72419e-13 8.54269e-13 6
98 81 79 -1.77374e-12 -3.90592e-13 -7.7178e-13 5
58 43 24 -7.16378e-13 8.02836e-14 8.9514e-13 9
1.6402e-14 33 78 1.6402e-12 1.93768e-13 -5.68501e-13 3
78 57 67 -6.98255e-13 -3.75061e-14 -3.1077e-13 6
13 32 81 1.11786e-12 1.74948e-13 -7.52266e-13 10
90 47 69 7.5973e-14 -1.70503e-12 -1.84177e-13 5
34 52 37 7.64834e-13 -4.09771e-14 6.19668e-14 9
47 67 32 4.02448e-13 -8.47524e-13 6.33242e-13 6
23 19 84 4.39946e-13 7.95291e-13 -8.3829e-13 2
92 71 93 -1.25919e-12 -6.37149e-13 -1.03264e-12 4
21 94 28 5.33688e-13 -1.03616e-12 2.05995e-13 8
80 43 66 -1.00366e-12 3.07876e-13 -4.88421e-13 6
76 41 22 -6.74331e-13 -5.31272e-14 8.00655e-13 10
89 19 89 -1.01631e-12 6.11039e-13 -9.78342e-13 7
78 29 45 -8.31291e-13 4.44478e-13 2.5577e-13 1
3 50 99 1.0173e-12 -6.64379e-14 -1.1704e-12 10
83 57 1 -1.24727e-12 -9.53291e-13 1.61767e-12 10
83 82 98 -5.85252e-13 -7.29945e-13 -1.34059e-12 9
3 50 24 1.45403e-12 -1.95882e-13 5.42469e-13 7
40 77 52 3.0215e-13 -7.18986e-13 9.28048e-14 9
59 7 40 6.79965e-14 1.69147e-12 5.09249e-13 3
1 13 22 1.7761e-12 5.81619e-13 -6.46774e-14 3
24 26 91 2.59247e-13 4.08499e-13 -1.41322e-12 2
69 70 14 -2.03457e-13 -4.31429e-13 9.10081e-13 3
38 41 25 4.25559e-13 2.70549e-13 8.60104e-13 3
46 50 73 -2.19225e-13 -2.13453e-13 -2.21152e-13 4
42 6 10 -3.00486e-13 1.14796e-12 6.05476e-13 10
23 24 89 6.28368e-13 1.16179e-12 -5.80978e-13 2
17 87 18 5.78686e-13 -1.22623e-12 4.91715e-13 9
98 78 84 -1.46118e-12 -6.82194e-13 -8.37491e-13 3
79 10 95 -4.65418e-13 6.15124e-13 -1.28142e-12 9
14 81 76 9.28265e-13 -5.23669e-13 -7.04049e-13 3
5 42 2 1.18318e-12 -3.616e-15 1.17539e-12 9
38 93 52 6.41418e-13 -1.52899e-12 1.22527e-13 9
24 61 50 8.87924e-13 -3.30808e-13 1.49309e-14 6
68 27 73 -5.84514e-13 5.9151e-13 -8.11416e-13 10
99 68 28 -1.76423e-12 -4.30192e-13 7.95696e-13 10
23 69 91 5.49459e-13 -3.7505e-13 -1.2467e-12 2
76 78 25 -8.1849e-13 -6.25692e-13 8.40453e-13 3
45 49 76 7.79256e-14 4.84424e-14 -1.28103e-12 7
28 57 59 7.55348e-13 -5.51551e-14 -1.41369e-13 5
26 79 69 7.858e-13 -1.11448e-12 -6.93705e-13 6
26 75 20 3.19341e-13 -6.02525e-13 7.11472e-13 6
52 6 1 -7.34809e-15 9.91096e-13 1.23427e-12 3
41 94 53 -1.62728e-13 -1.8426e-12 -1.2715e-13 5
61 27 27 -2.94605e-13 6.90044e-13 4.4744e-13 4
3 21 1 1.12751e-12 7.45961e-13 9.40493e-13 1
47 17 12 1.58001e-15 1.21979e-12 1.26479e-12 7
6 49 72 1.56893e-12 3.07172e-14 -6.04481e-13 5
47 46 55 -4.54038e-14 1.7634e-14 -3.27647e-13 1
83 36 12 -8.2791e-13 -1.03414e-13 1.16575e-12 2
30 61 63 5.9598e-13 -4.68802e-13 -6.09462e-13 7
70 42 63 -5.4455e-13 1.30722e-12 1.82663e-13 9
3 94 72 1.32896e-12 -1.44707e-12 -1.80014e-15 7
7 23 23 1.22878e-12 3.96027e-13 8.17876e-13 1
76 74 43 -4.32292e-13 -7.79788e-13 6.46672e-14 1
60 38 69 -3.5458e-13 1.34957e-13 -7.55898e-13 8
49 16 73 2.09612e-13 1.15313e-12 -7.91611e-13 3
53 61 70 -5.79129e-13 -5.4962e-13 -3.58489e-13 4
95 5 20 -1.43399e-12 1.60363e-12 3.86687e-13 8
38 47 41 2.98137e-13 2.09301e-13 5.75635e-14 2
86 68 39 -7.09562e-13 -1.36246e-13 3.63245e-13 1
57 68 75 -4.03542e-13 -6.09644e-13 -6.75977e-13 7
95 19 92 -1.12186e-12 5.81386e-13 -9.6651e-13 2
5 76 22 9.90204e-13 -5.35939e-13 6.76654e-13 2
15 88 53 7.63258e-13 -1.144e-12 1.08393e-13 6
84 29 51 -1.1748e-12 3.75651e-13 -1.84619e-14 4
46 57 64 -1.00554e-13 -1.21442e-13 -2.41272e-13 5
22 73 51 9.28615e-13 -7.85638e-13 -6.31997e-14 10
13 85 74 8.72943e-13 -8.07812e-13 -6.06313e-13 5
48 29 22 -2.73244e-13 5.46552e-13 1.11106e-12 6
77 64 89 -3.11249e-13 1.24159e-13 -1.61292e-12 8
46 40 55 7.2164e-14 1.47285e-13 -2.48404e-13 5
41 39 90 7.54193e-14 -3.02571e-14 -1.4851e-12 4
85 45 61 -7.66269e-13 2.22876e-13 -5.27554e-14 1
28 85 20 3.20513e-13 -1.13522e-12 7.18674e-13 7
54 12 77 6.60004e-14 1.32489e-12 -1.0522e-12 3
33 59 22 5.09394e-13 -2.75958e-13 8.9056e-13 4
33 77 10 3.87587e-13 -8.44635e-13 1.16736e-12 6
65 98 53 -2.68082e-13 -1.62797e-12 -1.68324e-13 1
79 37 40 -9.67381e-13 3.02788e-13 2.72558e-13 2
97 56 12 -1.41489e-12 -2.8378e-13 6.47126e-13 9
16 11 21 7.70231e-13 1.22328e-12 7.16021e-13 1
89 2 42 -1.02352e-12 1.51722e-12 -9.32926e-15 3
25 85 80 4.98746e-13 -9.2192e-13 -1.09939e-12 7
1 20 60 1.72473e-12 6.72341e-13 -2.8635e-13 7
19 44 4 6.36053e-13 1.96368e-13 1.65101e-12 1
80 55 8 -8.01477e-13 3.10439e-14 7.94658e-13 10
87 36 65 -1.13223e-12 4.98163e-13 -5.6638e-14 5
20 71 11 6.88068e-13 -5.02687e-13 1.19398e-12 4
68 21 4 -1.1687e-13 4.34746e-13 1.36157e-12 2
16 63 88 9.02498e-13 -6.59795e-13 -1.17479e-12 8
84 75 74 -8.05745e-13 -8.66173e-13 -3.89476e-13 10
46 72 30 4.70706e-13 -1.0352e-12 5.89522e-13 3
7 23 49 1.54366e-12 4.7021e-13 -2.26446e-13 2
82 14 42 -6.77653e-13 9.54265e-13 3.83113e-13 10
14 64 2 7.81496e-13 -2.26093e-13 1.37443e-12 2
65 64 47 -3.00239e-13 -1.11401e-12 -2.82663e-13 7
50 35 96 -1.09438e-13 3.99697e-13 -1.78106e-12 9
10 4 76 7.28224e-13 1.28459e-12 -3.53521e-13 7
66 58 52 -4.15179e-13 -2.97453e-13 -1.62799e-13 4
4 29 74 1.62175e-12 1.23012e-13 -6.5579e-13 7
53 69 7 7.19e-14 -4.65614e-13 1.36712e-12 3
2 32 43 1.95678e-12 -1.36901e-13 -3.62488e-14 2
29 13 36 5.1409e-13 1.29934e-12 8.38153e-13 10
50 56 44 -2.03033e-13 -1.8475e-13 -5.77738e-14 6
97 67 99 -1.12771e-12 -1.55481e-13 -1.33359e-12 5
70 70 96 -1.41156e-13 -4.72391e-13 -1.51118e-12 5
4 39 58 1.49985e-12 -5.08989e-15 -1.15806e-13 5
18 57 31 1.01954e-12 -1.73771e-13 2.5505e-13 2
4 62 20 1.55593e-12 -2.66511e-13 8.28367e-13 6
16 79 96 6.48551e-13 -5.90618e-13 -1.31832e-12 5
20 35 33 1.06623e-12 2.98634e-13 4.54308e-13 1
7 14 90 1.04189e-12 6.18587e-13 -8.13562e-13 2
38 3 64 2.21002e-13 1.6154e-12 -4.01959e-13 2
45 52 31 2.40607e-13 -2.26419e-13 1.04147e-12 3
14 17 21 1.0089e-12 1.1985e-12 1.11784e-12 3
5 60 8 8.1344e-13 1.07223e-13 7.13618e-13 5
64 51 15 -4.30245e-13 3.56572e-13 1.63492e-12 6
73 34 19 -5.01037e-13 1.98101e-13 8.23783e-13 6
70 11 47 -6.12918e-13 5.81372e-13 6.90619e-13 3
41 51 78 5.42632e-13 1.15015e-13 -1.61685e-12 6
20 14 58 3.6205e-13 7.69718e-13 1.26006e-13 4
50 86 33 -2.41415e-13 -1.22777e-12 4.10597e-13 10
75 52 79 -8.15816e-13 4.36439e-13 -7.49856e-13 10
24 56 11 5.52618e-13 -1.45016e-12 2.07763e-13 3
31 71 99 2.43005e-13 -3.73234e-13 -1.54368e-12 4
29 53 97 2.14095e-13 -1.52428e-13 -1.76595e-12 6
52 16 8 -1.38869e-14 1.01583e-12 1.30407e-12 7
96 57 58 -1.96883e-12 -2.5948e-13 -1.99243e-13 6
20 37 99 5.97438e-13 1.23395e-13 -1.63127e-12 7
14 53 17 1.18062e-12 -4.92887e-13 5.72013e-13 10
19 37 58 1.15776e-12 9.42195e-14 -1.01753e-13 5
72 7 43 -1.07087e-12 1.26155e-12 1.67427e-13 8
22 58 62 6.60254e-13 -8.0935e-13 -5.89629e-13 6
79 9 79 -8.10499e-13 6.31292e-13 -2.84385e-13 6
94 86 66 -1.93618e-13 -7.51906e-13 -1.7478e-12 1
59 66 19 -1.1573e-13 -5.77194e-13 9.1285e-13 6
34 71 82 7.75517e-13 -3.59749e-13 -1.22744e-12 1
37 11 1 1.48251e-13 7.50501e-13 1.36252e-12 1
8 87 96 8.0613e-13 -2.04343e-12 -2.79844e-13 7
25 88 8 4.57988e-13 -8.11591e-13 8.04773e-13 2
16 73 79 9.80044e-13 -7.11027e-13 -5.53407e-13 6
60 81 47 -3.36086e-13 -8.14168e-13 -3.45908e-14 1
82 54 51 -1.03799e-12 5.91493e-14 5.04297e-14 8
55 26 14 9.01999e-14 1.10298e-12 1.03861e-12 3
49 8 55 1.23509e-13 1.77961e-12 -3.12801e-13 2
90 99 32 -8.31697e-13 -1.5188e-12 1.43736e-13 2
19 14 83 4.97178e-13 9.55227e-13 -7.55184e-13 8
58 52 6 -1.76211e-12 1.78695e-12 1.52951e-12 10
10 38 2 1.03247e-12 1.32696e-13 1.34279e-12 10
84 29 14 -3.78945e-13 1.44185e-13 1.41491e-12 5
63 11 9 -5.35702e-13 -1.15776e-12 2.83316e-12 8
51 59 93 4.49713e-13 -1.93384e-13 -1.87536e-12 1
14 69 82 1.11593e-12 -4.96204e-13 -7.63346e-13 6
90 94 58 -6.61215e-13 -1.3728e-12 1.44049e-13 9
95 91 90 -1.03075e-12 -9.90808e-13 -8.12358e-13 10
95 26 73 -1.42594e-12 5.05478e-13 -2.04085e-13 7
31 8 71 7.28777e-14 1.39684e-12 -7.83911e-13 7
34 90 61 2.07812e-13 -1.45476e-12 1.49579e-13 2
3 45 71 1.73733e-12 9.20324e-14 -4.77022e-13 3
88 71 42 -1.14084e-12 -2.82119e-13 3.63516e-14 8
64 1.37058e-14 7 -1.35184e-13 1.37058e-12 8.70319e-13 7
24 26 91 2.59247e-13 4.08499e-13 -1.41322e-12 10
97 89 1 -9.5612e-13 -6.00564e-13 9.48542e-13 2
29 22 41 7.34693e-13 7.7192e-13 3.99018e-13 6
61 92 2 8.1448e-15 -9.35769e-13 1.22154e-12 1
2 47 35 1.58566e-12 -3.42583e-14 2.89223e-13 6
27 72 77 5.17763e-13 -5.73201e-13 -7.57929e-13 4
13 74 40 9.62165e-13 -6.00492e-13 1.10842e-13 1
60 84 90 -4.26167e-13 -9.70791e-13 -1.16654e-12 3
21 98 76 4.92669e-13 -1.52827e-12 -3.90447e-13 10
16 68 20 7.1616e-13 -3.72066e-13 6.67658e-13 8
96 24 10 -1.7921e-12 1.92454e-13 7.13088e-13 1
5 68 67 1.49955e-12 -4.71822e-13 -3.50203e-13 8
89 24 43 -1.83031e-12 2.96167e-13 3.20648e-13 10
18 37 90 6.82461e-13 -1.9513e-13 -1.15167e-12 3
83 94 38 -6.91924e-13 -1.72748e-12 1.39273e-12 10
85 54 75 -1.13996e-12 -9.91119e-14 -6.66651e-13 6
52 94 55 -2.39769e-13 -1.73318e-12 6.9067e-14 9
26 89 98 4.87999e-13 -8.05628e-13 -1.31998e-12 10
71 97 77 -4.088e-13 -1.3863e-12 -5.69721e-13 6
58 35 14 5.83883e-13 5.94285e-13 1.90639e-12 3
35 30 31 5.27453e-13 4.66916e-13 6.81509e-13 3
49 11 84 -9.01939e-14 1.14724e-12 -9.91774e-13 1
94 1 82 -1.38287e-12 8.74332e-13 -1.01263e-12 7
16 80 54 9.81558e-13 -9.37736e-13 -1.35358e-13 10
26 7 73 7.19817e-13 1.5243e-12 -6.18411e-13 1
95 2 1 -7.67012e-13 8.76181e-13 9.00924e-13 8
3 52 4 1.15141e-12 -7.83496e-14 1.08569e-12 9
8 93 12 9.96759e-13 -1.10878e-12 7.42069e-13 6
87 12 42 -1.28976e-12 8.00474e-13 -6.53802e-13 5
51 63 18 -4.72324e-14 -4.92202e-13 1.14315e-12 2
81 10 19 -5.88219e-13 8.9046e-13 5.98737e-13 3
84 21 68 -9.49988e-13 8.2065e-13 -7.36919e-13 9
63 8 71 -2.91027e-13 1.38764e-12 -6.14166e-13 5
21 58 44 1.07272e-12 -1.20675e-13 1.33669e-13 7
83 9 88 -9.06667e-13 1.10829e-12 -5.81936e-13 4
69 67 7 -2.27657e-13 -4.72617e-13 1.11767e-12 6
98 66 48 -1.77411e-12 -5.255e-13 -1.95542e-13 6
45 84 33 3.49802e-13 -1.02964e-12 4.19155e-13 8
88 82 61 -1.22826e-12 -6.83682e-13 -3.51448e-13 6
78 1 71 -8.952e-13 1.40237e-12 -9.47945e-13 4
18 18 23 7.30448e-13 9.99744e-13 5.90732e-13 10
13 62 28 1.16169e-12 -5.89681e-13 3.26417e-13 8
76 33 58 -1.3071e-12 -4.55438e-13 1.0428e-13 7
70 44 64 -5.2799e-13 -7.05028e-13 -7.35907e-13 9
31 96 25 4.1995e-13 -1.42319e-12 3.93998e-13 10
42 34 15 1.69176e-13 6.04163e-13 1.22385e-12 2
69 56 84 1.74007e-13 -1.98479e-13 -7.97408e-13 6
14 37 4 6.85986e-13 1.40745e-13 1.14731e-12 2
23 27 2 4.81323e-13 4.68625e-13 1.43701e-12 6
17 88 95 6.04516e-13 -8.53707e-13 -1.12338e-12 5
86 35 40 -1.08484e-12 2.77676e-13 3.83331e-13 4
42 5 32 2.52038e-13 1.44875e-12 5.15413e-13 3
23 55 77 6.29315e-13 -1.28371e-13 -9.27942e-13 4
79 61 69 -8.50594e-13 -3.71865e-13 -5.65883e-13 8
13 12 1.19457e-14 6.78017e-13 5.68426e-13 1.19457e-12 8
95 76 56 -1.44215e-12 -7.95986e-13 -8.15754e-14 2
87 45 81 -1.06101e-12 3.68107e-13 -7.7117e-12 7
29 99 78 2.42401e-13 -1.51761e-12 -4.6115e-13 2
24 71 60 9.49501e-13 -7.98206e-13 -1.9836e-13 10
99 92 69 -1.36055e-12 -8.58089e-13 -5.09898e-13 1
49 38 76 -1.06345e-13 3.11634e-13 -1.04185e-12 2
48 14 51 -4.29318e-13 1.58354e-12 7.82155e-14 10
87 78 81 -8.07147e-13 -1.03377e-12 -6.49558e-13 3
14 58 61 1.24491e-12 -4.59174e-13 1.58853e-14 10
90 56 63 -1.42904e-12 -3.95951e-13 -6.16612e-13 9
5 55 53 1.56506e-12 3.4206e-13 -5.69643e-13 5
11 6 8 7.83604e-13 6.79897e-13 9.07106e-13 2
13 11 57 1.6286e-12 1.13456e-12 -3.04007e-13 9
26 86 26 4.6685e-13 -1.1617e-12 3.24166e-13 4
1.05292e-14 1.28617e-14 29 1.05292e-12 1.28617e-12 4.0764e-13 1
97 63 71 -1.65389e-12 -4.40222e-14 -7.4736e-13 9
26 84 73 4.90216e-13 -1.04524e-12 -2.43642e-13 6
51 22 51 -5.79163e-13 6.98385e-13 5.58632e-14 6
88 81 49 -1.29919e-12 -9.57752e-13 -2.35025e-13 3
74 87 10 -2.48911e-13 -1.0464e-12 1.48641e-12 2
17 30 86 9.45714e-13 4.04744e-13 -1.12649e-12 6
46 50 63 2.52026e-14 7.40974e-14 -2.70213e-13 5
76 19 88 -5.69473e-13 6.40976e-13 -9.89393e-13 5
55 14 42 -1.75914e-13 1.05503e-12 4.22099e-13 10
72 53 58 -5.75836e-13 -3.01981e-13 -1.44295e-13 7
31 17 15 1.00523e-12 2.03797e-12 1.37457e-12 1
82 88 40 -8.15961e-13 -2.70379e-13 -3.72125e-13 3
45 2 21 -1.59217e-14 1.29281e-12 6.14049e-13 10
99 39 2 -1.21544e-12 1.11829e-13 1.13897e-12 10
40 94 23 2.41193e-13 -1.33114e-12 5.31537e-13 5
39 4 94 1.42726e-13 1.11415e-12 -1.23335e-12 10
86 28 67 -1.20599e-12 6.573e-13 -5.02572e-13 2
51 53 2 1.71776e-13 2.13143e-13 2.26135e-12 1
34 28 22 5.60208e-13 3.16473e-13 9.07274e-13 1
80 24 52 -8.65423e-13 5.22391e-13 6.35268e-14 3
2 20 29 1.50801e-12 6.61115e-13 2.73311e-13 9
2 64 92 1.33303e-12 -6.14008e-13 -1.01947e-12 9
81 90 39 -1.28566e-13 -1.18294e-12 2.20726e-13 9
14 46 65 1.23607e-12 -2.66816e-13 -9.71018e-14 5
82 79 16 2.9732e-12 -7.67466e-13 8.86108e-13 6
56 41 36 -3.10154e-13 2.58856e-13 3.63889e-13 8
35 20 72 1.62278e-13 1.07625e-12 -6.00629e-13 8
2 62 91 1.33944e-12 8.73577e-13 -3.17071e-13 3
23 52 21 7.79843e-13 -8.18048e-14 8.75348e-13 3
31 20 1.46943e-14 2.62833e-13 5.54458e-13 1.46943e-12 2
80 63 9 -8.1082e-13 -2.03197e-13 9.07222e-13 7
44 97 31 1.2936e-13 -1.68452e-12 2.61131e-13 2
78 17 26 -7.37552e-14 6.24396e-13 4.11336e-13 4
35 64 8 3.06814e-13 -2.99121e-13 1.69772e-12 5
82 32 64 -1.02009e-12 5.37065e-13 -4.28041e-13 4
87 1 15 -6.29416e-13 1.45477e-12 7.01375e-13 3
1.40927e-14 22 19 1.40927e-12 5.36231e-13 1.08362e-12 6
45 20 14 2.43129e-13 8.27114e-13 1.01118e-12 9
26 72 67 9.82882e-13 -5.87416e-13 -5.93225e-13 3
2 74 42 1.63854e-12 -5.52341e-13 7.85441e-14 2
87 74 2 -9.97658e-13 -6.51719e-13 1.34254e-12 4
91 62 50 -1.84792e-12 -1.05653e-12 3.04219e-13 4
68 52 64 -3.08001e-13 -6.7799e-13 -6.38269e-13 8
68 37 62 -4.09087e-13 5.19272e-13 -4.76909e-13 4
94 34 6 -1.17971e-12 7.43657e-14 1.2729e-12 9
61 71 37 -4.16073e-13 -8.57777e-13 8.04176e-14 8
46 29 43 9.61087e-14 7.26301e-13 3.23452e-13 2
48 52 57 -5.87402e-14 -9.59756e-14 -2.97469e-13 1
88 88 74 -8.42434e-13 -1.10728e-12 -3.38472e-13 1
89 7 6 -2.59112e-13 1.07867e-12 1.03066e-12 2
57 12 67 -1.89633e-14 1.32751e-12 -5.93525e-13 2
68 27 18 3.12384e-13 1.28763e-12 1.80047e-13 6
45 1 66 1.35498e-13 1.77007e-12 -1.58543e-13 8
55 73 27 -7.51957e-14 -9.4737e-13 9.2718e-13 2
41 55 67 -4.32986e-13 -4.31107e-13 -7.59417e-14 9
65 35 91 -7.30325e-14 2.94733e-13 -1.34806e-12 9
42 81 80 1.14247e-13 -1.11604e-12 -8.33707e-13 5
12 1.50548e-14 72 7.44038e-13 1.50548e-12 -4.88297e-13 3
20 21 38 8.7547e-13 7.56985e-13 5.15439e-13 10
32 22 22 5.64819e-13 9.26131e-13 2.7557e-13 3
28 14 51 4.42578e-13 1.0764e-12 -3.09235e-13 7
90 22 83 -1.01973e-12 7.29439e-13 -7.61679e-13 7
87 81 33 -5.59103e-13 -1.06688e-12 5.6217e-13 6
30 24 70 3.20001e-13 9.97431e-13 -5.76352e-13 7
12 85 82 9.04766e-13 -8.81808e-13 -7.84357e-13 7
41 32 92 -3.99875e-13 3.67966e-13 -1.57194e-12 3
38 34 3 -5.17159e-12 4.33703e-13 1.70051e-12 9
31 70 58 5.41507e-13 -6.83034e-13 8.17104e-15 4
63 10 10 -3.47846e-13 2.93757e-12 -1.10174e-12 9
22 11 26 4.98948e-13 1.42618e-12 5.68588e-13 7
99 83 39 -1.6633e-12 -7.72162e-13 3.31523e-14 8
74 10 73 -1.48113e-12 1.97257e-12 -1.57036e-12 7
3 70 50 1.84497e-12 -7.2958e-13 -1.58395e-13 1
75 60 26 -6.36578e-13 -2.56719e-13 5.82205e-13 5
94 52 23 -1.42752e-12 1.39458e-13 2.7724e-13 5
62 12 26 -2.83179e-13 1.1377e-12 6.22233e-13 3
76 3 53 -6.38106e-13 2.13762e-12 -4.24589e-13 10
1.67379e-14 59 22 1.67379e-12 -1.39168e-13 6.01164e-13 1
34 86 8 3.60784e-13 -8.72111e-13 1.08777e-12 10
22 17 88 3.37971e-13 9.52994e-13 -1.0193e-12 4
63 62 43 -1.37968e-13 -4.76019e-13 4.36504e-13 7
39 67 14 -6.10388e-14 -3.8074e-13 1.08813e-12 9
85 82 58 -9.91262e-13 -7.4732e-13 -1.69834e-13 9
41 82 10 1.71328e-13 -7.87754e-13 1.06751e-12 1
65 20 97 -2.81061e-13 6.44127e-13 -1.40957e-12 5
24 79 20 6.32232e-13 -1.04454e-12 6.40303e-13 10
23 53 99 5.96481e-13 -1.34258e-13 -1.77801e-12 9
53 61 27 -3.75459e-13 -6.83545e-13 8.85685e-13 4
11 24 61 1.20584e-12 3.65525e-13 -5.71676e-13 10
16 29 16 8.98614e-13 7.95137e-13 1.00662e-12 8
43 48 33 4.43903e-13 3.90165e-13 3.08183e-13 7
79 47 10 -6.95378e-13 1.86859e-13 9.92836e-13 1
38 98 55 3.82004e-13 -1.92984e-12 -1.72505e-13 2
57 13 20 -1.97618e-13 1.19585e-12 7.8787e-13 8
71 96 6 -1.2446e-12 -1.18006e-12 1.41969e-12 9
40 55 10 2.10067e-13 -5.5227e-13 5.76608e-13 7
39 33 96 2.39075e-13 1.64522e-13 -1.911e-12 2
79 54 5 -5.61753e-13 3.29356e-13 1.54632e-12 2
11 18 38 8.72024e-13 1.09333e-12 5.4952e-13 7
73 32 6 -4.16466e-13 1.64729e-13 1.64926e-12 6
8 87 69 1.09501e-12 -9.15068e-13 1.73905e-13 3
84 31 71 -9.46217e-13 7.35196e-13 -7.4656e-13 5
89 71 84 -1.5556e-12 9.89744e-14 -6.72971e-13 7
42 38 45 2.55068e-13 1.23878e-13 1.00557e-13 2
85 76 44 2.2893e-13 1.05102e-12 -7.35815e-13 6
92 43 67 -2.47765e-12 1.64824e-12 -6.98951e-13 5
69 69 30 -4.40329e-13 -5.56417e-13 4.15177e-13 6
82 23 62 -1.07938e-12 7.61956e-13 -4.09827e-13 10
98 46 84 -1.52966e-12 2.13235e-13 -8.69932e-13 5
80 1 67 -1.16236e-12 1.53581e-12 -4.73976e-13 1
30 47 57 6.21139e-13 -1.57428e-13 -2.07839e-13 7
80 11 53 -1.39002e-12 7.99862e-13 -2.70545e-13 3
54 21 97 -1.91033e-13 6.4344e-13 -1.43654e-12 8
74 59 76 -4.47174e-13 -3.59714e-13 -5.79463e-13 6
43 92 98 -4.88801e-14 -1.05819e-12 -1.16528e-12 8
55 3 90 -4.74008e-13 1.12026e-12 -1.03886e-12 5
37 47 9 5.61529e-13 2.74751e-13 1.56718e-12 6
78 45 54 -1.01103e-12 1.0488e-13 -2.6431e-14 2
21 35 77 8.04951e-13 4.13681e-13 -1.15871e-12 7
98 36 36 -1.6135e-12 3.11941e-13 3.69874e-13 4
65 76 15 -6.90944e-14 -7.75698e-13 8.88019e-13 10
38 90 18 3.09708e-13 -1.06712e-12 7.63665e-13 9
94 87 29 -1.28675e-12 -9.06511e-13 3.99533e-13 7
27 16 18 6.34601e-13 1.08158e-12 8.0435e-13 7
93 7 19 -3.46356e-12 3.38895e-12 7.78505e-13 1
70 53 26 -6.26708e-13 -9.57768e-14 6.42417e-13 8
27 60 1 4.98943e-13 -1.65885e-13 1.58631e-12 2
59 39 15 -4.15379e-13 2.6651e-13 1.2649e-12 10
72 34 54 -7.47471e-13 3.76803e-13 4.40446e-14 7
51 57 27 -2.64503e-13 -1.68776e-13 8.56694e-13 8
61 35 42 -5.58075e-13 6.11687e-13 4.89423e-13 4
95 99 59 -7.35222e-13 -1.39912e-12 3.40704e-13 7
77 89 21 -3.03281e-13 -1.35991e-12 6.81233e-13 8
99 77 29 -1.73777e-12 -6.01842e-13 4.1769e-13 5
92 88 79 -9.93651e-13 -1.29102e-12 -6.02272e-13 4
92 72 90 -1.43991e-12 -8.42579e-13 -1.03584e-12 3
39 26 6 3.39048e-13 7.85344e-13 1.5765e-12 5
42 7 89 1.10998e-13 8.54289e-13 -9.61408e-13 5
54 58 91 -5.3631e-14 -1.3558e-13 -1.74264e-12 9
46 19 35 2.37876e-14 9.93906e-13 5.75139e-13 4
74 97 21 -2.0994e-13 -1.59324e-12 4.06463e-13 5
74 23 54 -7.9549e-13 7.21403e-13 2.21576e-15 1
63 2 64 -2.12945e-13 1.6931e-12 -3.97994e-13 5
8 14 46 1.33095e-12 1.14275e-12 -2.78221e-13 1
71 33 91 -2.37493e-13 5.9352e-13 -1.35987e-12 8
26 12 38 1.08589e-12 1.43356e-12 4.56254e-13 3
93 95 27 -5.39599e-13 -1.27158e-12 -1.78388e-13 4
57 36 56 -1.48079e-13 2.95582e-13 -2.79126e-13 7
39 83 58 4.46319e-13 -2.09401e-12 -7.27199e-13 7
54 33 8 -1.37991e-14 3.0975e-13 1.47823e-12 8
61 91 72 -3.28625e-13 -8.38735e-13 -2.55624e-13 7
48 73 49 -1.69341e-13 -7.54434e-13 1.27143e-13 5
80 9 98 -5.97243e-13 1.00252e-12 -1.82687e-12 9
76 12 89 -5.63295e-13 5.26846e-13 -5.87219e-13 7
35 23 66 7.38452e-14 7.59021e-13 -2.40379e-13 4
28 7 80 4.07798e-13 1.41298e-12 -9.8828e-13 8
73 44 68 -8.3616e-13 2.63624e-13 -1.02499e-12 6
59 6 49 -5.3682e-14 1.67832e-12 -2.28545e-14 2
17 61 88 3.05259e-13 5.15528e-13 -1.19917e-12 3
75 21 81 -6.39343e-13 8.54876e-13 -8.43941e-13 3
85 93 81 -7.51606e-13 -1.28917e-12 -7.47656e-13 7
92 36 74 -1.67931e-12 5.82434e-13 -1.1156e-12 1
15 4 55 9.54079e-13 1.92657e-12 -1.95507e-13 7
50 83 13 -5.48481e-16 -1.06958e-12 8.65997e-13 4
48 87 55 -1.99268e-13 -7.03015e-13 1.74123e-13 6
35 7 16 5.71686e-14 1.02117e-12 7.57327e-13 2
1.67873e-14 23 26 1.67873e-12 2.83554e-13 4.63573e-13 6
74 54 5 -2.5495e-13 -2.29013e-14 1.23116e-12 8
11 26 57 1.24279e-12 1.0726e-13 1.06795e-13 6
29 12 73 4.40376e-13 9.29507e-13 -6.66934e-13 1
75 73 12 -3.51685e-13 -6.55069e-13 6.51208e-13 8
40 76 41 2.06052e-13 -1.00858e-12 2.26995e-13 1
11 29 87 9.23909e-13 5.27339e-13 -1.09694e-12 8
12 23 97 1.28775e-12 5.38831e-13 -1.22505e-12 7
89 37 1.56023e-14 -7.87764e-13 5.39919e-14 1.56023e-12 2
57 1 68 -1.40204e-13 1.67666e-12 -5.02529e-13 2
25 70 47 8.78704e-13 -6.40486e-13 5.41134e-14 4
64 90 14 -5.47097e-14 -1.00894e-12 5.44905e-13 6
92 79 16 -2.02135e-12 -1.47674e-13 7.79262e-13 1
1 59 38 1.56633e-12 -2.61232e-13 8.07188e-14 5
14 69 32 9.9544e-13 -5.30413e-13 3.99603e-13 2
50 38 96 -1.13494e-13 -5.15256e-13 -2.00161e-12 1
69 8 56 -4.05469e-13 1.55593e-12 -5.58872e-13 3
59 82 64 -2.70091e-13 -9.4301e-13 -4.22284e-13 3
68 60 34 -5.47855e-13 -2.42868e-13 5.21116e-13 7
36 24 45 8.2139e-13 8.80954e-13 7.44097e-14 8
24 13 48 8.78111e-13 1.09069e-12 9.63947e-14 8
34 67 23 4.03775e-13 -7.25702e-13 7.35863e-13 1
86 15 90 -2.25909e-12 6.69416e-13 -8.53202e-13 4
30 69 1 5.1638e-13 -4.22119e-13 1.62617e-12 10
64 51 8 -5.58099e-13 2.17817e-13 1.35191e-12 4
36 11 40 8.84491e-14 1.5783e-12 7.49283e-13 6
55 76 97 -9.26821e-14 -6.69056e-13 -1.54321e-12 9
70 21 58 -4.39032e-13 5.77538e-13 -2.54662e-14 9
67 15 50 -3.85428e-13 5.95857e-13 -6.46288e-14 10
23 64 32 9.56057e-13 -4.38241e-13 3.31034e-13 9
63 51 25 -4.55422e-13 -1.05411e-13 7.24737e-13 7
60 86 44 -2.20779e-13 -8.90556e-13 2.88204e-13 7
41 26 98 1.55073e-13 6.69012e-13 -1.65642e-12 9
42 66 20 1.34618e-14 -6.98332e-13 9.24698e-13 9
75 10 90 1.96343e-13 1.55845e-12 -9.63571e-13 3
85 53 29 -1.0889e-12 2.25207e-14 2.98445e-13 4
57 33 67 -5.48247e-13 2.11824e-13 -4.18127e-13 9
47 75 13 7.23056e-13 -2.17448e-13 1.05527e-12 1
52 46 37 -1.65945e-14 2.99328e-13 3.54928e-13 9
99 27 77 -1.761e-12 4.28624e-13 -9.32282e-13 10
4 5 4 9.00677e-13 8.46193e-13 7.96018e-13 6
78 54 48 -6.32346e-13 -8.3428e-14 2.98713e-13 7
24 35 56 1.05737e-12 2.4764e-13 -1.60728e-13 10
90 21 18 -8.81787e-13 4.16278e-13 3.00489e-13 9
69 96 7 8.56572e-13 -1.22206e-12 3.92308e-13 8
74 50 2 -3.14962e-13 1.83368e-13 1.67653e-12 9
70 39 54 -7.13518e-13 8.26269e-14 -6.94735e-14 9
4 24 1.19508e-14 1.06205e-12 3.69126e-13 1.19508e-12 5
38 5 1 1.73793e-13 1.00343e-12 1.25725e-12 4
79 8 80 -7.87371e-13 2.55537e-12 -2.13096e-12 2
37 31 43 3.01512e-13 8.86471e-14 5.38619e-13 2
16 20 65 1.48418e-12 5.22768e-13 -5.3964e-13 2
23 75 83 -4.97109e-13 -1.64881e-12 1.21308e-13 9
29 40 47 9.96876e-13 -1.23219e-14 4.65163e-13 8
8 87 73 9.24296e-13 -6.48427e-13 -4.80061e-13 9
50 1.59479e-14 30 -6.38103e-14 1.59479e-12 4.63187e-13 10
95 86 65 -1.6477e-12 -6.88868e-13 -3.244e-13 5
31 55 56 5.06241e-13 1.00386e-14 6.88631e-14 4
26 56 94 3.97916e-13 -4.84373e-13 -1.33473e-12 7
53 39 27 -1.05069e-13 5.84362e-13 6.1796e-13 10
76 86 97 -3.69838e-13 -9.10747e-13 -1.24428e-12 8
32 86 80 5.70592e-14 -1.14766e-12 -6.66981e-13 7
31 20 88 2.6563e-13 9.08756e-13 -1.32736e-12 1
42 75 61 1.99957e-13 -8.39791e-13 -5.04422e-13 6
39 54 68 1.1602e-12 3.40899e-13 -7.72082e-13 9
78 19 1.53537e-14 -4.6649e-13 6.79393e-13 1.53537e-12 10
76 52 55 -8.08914e-13 -6.2807e-14 -4.50414e-14 3
14 28 42 9.3554e-13 2.40013e-13 2.78572e-13 6
28 94 58 7.6542e-13 -1.62925e-12 -2.24133e-13 6
86 58 13 -9.84541e-13 -1.33622e-13 8.51599e-13 2
75 16 93 -3.38185e-13 4.54074e-13 -1.39571e-12 4
35 33 75 7.05167e-13 -3.77077e-13 -6.50859e-13 6
68 95 50 -3.70772e-13 -1.45828e-12 -7.19216e-14 7
57 84 48 -1.77959e-13 -9.52308e-13 -1.04916e-13 2
11 66 37 1.1828e-12 -1.214e-13 2.91714e-13 5
5 1 32 7.04251e-13 1.31327e-12 3.30867e-13 3
50 2 71 -2.31066e-13 1.64704e-12 -6.17073e-13 9
24 55 10 4.69582e-13 4.22748e-13 2.10469e-12 5
87 99 14 3.31699e-12 -1.33955e-12 7.168e-13 10
14 83 34 9.03487e-13 -1.09641e-12 3.70183e-13 2
97 36 15 -1.45466e-12 1.26064e-13 4.91488e-13 5
28 31 56 1.34608e-12 6.35171e-13 -2.40629e-13 4
31 59 80 4.59946e-13 -4.14833e-13 -1.13584e-12 9
86 98 99 -5.03776e-13 -9.21127e-13 -8.99845e-13 4
23 30 75 7.73844e-13 4.70079e-13 -8.57195e-13 7
33 5 16 4.03845e-13 1.45144e-12 7.36423e-13 4
51 99 41 -8.94648e-14 -1.77303e-12 2.69436e-13 2
86 28 16 -1.11276e-12 5.11015e-13 5.89747e-13 10
40 85 99 8.93182e-14 -7.57392e-13 -1.39892e-12 7
74 99 93 -2.56923e-13 -1.12476e-12 -8.91957e-13 9
75 37 93 4.35223e-13 1.44325e-13 -1.59395e-12 9
8 85 97 7.36694e-13 -1.90844e-14 -1.26095e-12 10
2 7 69 1.22129e-12 1.0696e-12 -2.40894e-13 9
94 61 89 -1.42964e-12 -7.92289e-15 -1.26381e-12 6
97 62 33 -1.6185e-12 5.39193e-14 1.32381e-13 10
49 36 47 4.04036e-14 1.93945e-13 -1.36917e-13 10
22 27 74 9.61783e-13 9.60611e-13 -6.97159e-13 2
36 24 41 5.14949e-13 6.72996e-13 8.67728e-13 3
91 86 14 -1.25746e-12 -8.06092e-13 7.11883e-13 7
84 64 24 -7.62112e-13 -9.34495e-14 4.63677e-13 6
80 40 27 -9.61619e-13 2.04785e-13 5.49367e-13 9
75 6 6 -8.96236e-14 7.45827e-13 1.2176e-12 2
22 79 45 7.58058e-13 -1.02977e-12 7.08756e-14 8
88 68 5 -1.26152e-12 -6.75217e-13 7.69568e-13 5
74 25 8 -4.50053e-13 6.09612e-13 1.66826e-12 7
45 3 70 2.97535e-13 1.43672e-12 -7.3424e-13 8
32 98 16 4.05567e-13 -1.37407e-12 -9.48736e-13 1
78 23 2 -4.74713e-13 2.04236e-13 1.44731e-12 3
60 49 80 -2.02971e-13 -1.1409e-13 -1.30375e-12 9
71 20 60 -1.02251e-12 1.25448e-12 -1.3059e-12 4
5 83 99 1.17749e-12 -3.16932e-13 -1.26097e-12 7
85 78 45 -4.40739e-13 -1.92349e-12 -1.1691e-12 8
36 56 34 5.31577e-13 -1.23403e-12 -3.96366e-13 10
90 63 94 -9.69798e-13 -9.9027e-14 -1.53864e-12 1
94 16 71 -1.32857e-12 9.72127e-13 -5.67153e-13 6
81 16 26 -9.26851e-13 9.02966e-13 2.95068e-13 8
51 99 64 -1.86868e-13 -1.80298e-12 -2.18527e-13 8
30 40 57 5.68989e-13 -1.18395e-13 -4.78384e-13 6
24 21 50 7.82934e-13 7.32066e-13 -2.68879e-14 1
8 85 42 1.14581e-12 -9.60668e-13 2.03868e-13 8
22 2 50 5.18839e-13 1.79719e-12 -1.87064e-14 9
18 88 15 2.62917e-13 -1.33374e-12 1.40179e-12 8
44 24 48 2.24397e-13 5.80484e-13 2.30323e-13 7
73 57 12 -4.74229e-13 -1.27499e-13 8.90619e-13 1
37 28 75 3.18778e-14 1.06746e-12 -8.25519e-13 10
30 1 55 7.64563e-13 1.97158e-12 -1.64055e-13 6
3 49 82 1.53848e-12 -2.15557e-14 -7.01558e-13 4
16 98 18 5.53264e-13 -1.31504e-12 7.08063e-13 2
49 97 58 8.38393e-14 -1.91406e-12 -1.19484e-13 1
98 27 75 -1.27149e-12 3.60865e-13 4.5277e-13 2
94 50 17 -1.17778e-12 2.76535e-13 5.92997e-13 9
95 57 24 -1.47493e-12 -1.15469e-13 5.50866e-13 2
41 27 12 3.58643e-13 6.43825e-13 1.19705e-12 10
1.7161e-14 31 57 1.7161e-12 3.16235e-13 -1.43142e-13 9
39 35 83 9.17998e-14 2.96819e-13 -1.16085e-12 9
94 27 80 -1.22932e-12 4.48302e-13 -9.24963e-13 1
80 85 52 -2.58752e-13 -1.08753e-12 1.28463e-13 8
26 91 8 3.8258e-13 -1.24663e-12 1.15681e-13 1
94 71 80 -1.41374e-12 -9.15967e-13 -6.15359e-13 10
43 85 42 3.82075e-13 -1.01286e-12 2.61429e-13 1
27 25 74 7.10261e-13 9.0959e-13 -9.65677e-13 5
99 55 50 -1.88891e-12 -1.1747e-15 -7.54147e-15 1
68 96 1 -9.03773e-14 -1.01038e-12 1.33748e-12 8
18 39 12 7.42075e-13 -1.11985e-13 1.25005e-12 6
17 16 98 5.31008e-13 9.46355e-13 -1.67538e-12 6
85 48 57 -8.90753e-13 2.40754e-13 7.03948e-14 1
34 38 35 5.40428e-13 1.71052e-13 3.44461e-13 4
1.63476e-14 40 26 1.63476e-12 1.49885e-13 4.00169e-13 5
69 1.92878e-14 54 -2.25517e-13 1.92878e-12 -2.7539e-13 4
5 24 72 1.49063e-12 7.85049e-13 -3.99152e-13 8
69 55 88 -1.25139e-14 -1.95423e-14 -1.63923e-12 9
83 63 54 -1.01381e-12 -1.99381e-12 -1.14296e-12 2
1.50788e-14 24 22 1.50788e-12 1.39432e-13 7.10687e-13 5
15 67 18 1.32962e-12 -8.65758e-14 1.70921e-12 7
10 83 84 1.23353e-12 -5.75455e-13 -9.90712e-13 2
47 82 88 2.09891e-13 -8.86947e-13 -1.05842e-12 9
77 39 49 -1.06733e-12 2.75575e-13 1.87486e-13 3
22 18 42 8.68688e-13 9.96664e-13 2.12166e-13 5
26 49 24 6.84466e-13 -1.03727e-13 7.62251e-13 5
13 57 54 1.1644e-12 -3.43871e-13 2.09178e-13 8
14 21 22 1.13122e-12 6.39182e-13 8.32216e-13 4
86 7 66 -1.40352e-12 1.54501e-12 -4.6654e-13 9
31 14 58 3.12638e-13 1.17091e-12 -3.62212e-13 6
83 67 88 -7.634e-13 -3.33941e-13 -1.1833e-12 9
71 6 19 -2.80662e-13 1.33274e-12 7.11141e-13 7
79 45 60 -9.58408e-13 1.18599e-13 -2.7566e-14 2
33 93 93 1.91273e-13 -7.99276e-13 -1.02558e-12 10
21 8 49 8.0571e-13 1.39295e-12 1.12961e-13 8
15 25 21 9.63445e-13 4.37457e-13 8.54009e-13 7
19 24 27 6.72989e-13 5.42233e-13 4.73045e-13 10
9 52 84 1.22921e-12 -4.39603e-14 -9.19622e-13 10
1 80 66 1.52213e-12 -6.30962e-13 2.5679e-12 9
12 50 56 1.16876e-12 4.0055e-14 -7.7762e-14 5
60 74 10 -1.22742e-14 -6.68395e-13 1.15645e-12 6
87 11 40 -1.14412e-12 1.47717e-12 8.83634e-13 7
79 61 53 -3.96428e-13 -5.77604e-13 -1.12028e-13 6
66 38 47 -4.67609e-13 2.7844e-13 1.36062e-13 8
61 66 8 -2.46309e-14 -5.05115e-13 1.21902e-12 2
95 29 64 -1.56798e-12 5.57337e-13 -3.03303e-13 5
49 28 14 -1.18154e-14 4.10438e-13 6.42924e-13 1
67 22 21 -3.08165e-13 1.00513e-12 6.95063e-13 5
8 36 24 1.243e-12 4.23336e-14 9.77869e-13 2
31 75 43 5.59705e-13 -1.01474e-12 1.64235e-13 8
46 26 99 -1.52103e-13 6.04387e-13 -1.68062e-12 1
72 71 23 -4.05943e-13 -3.63033e-13 9.82065e-13 3
18 82 2 6.89577e-13 -6.11405e-13 1.33642e-12 7
17 87 89 7.10311e-13 -8.98904e-13 -8.84947e-13 5
66 55 73 -3.2059e-13 -2.38266e-13 -6.85654e-13 4
45 91 1.3676e-14 1.36019e-14 -8.60791e-13 1.3676e-12 5
23 92 82 6.90207e-13 -1.3094e-12 -7.23701e-13 1
43 2 16 3.20538e-13 1.39489e-12 1.1107e-12 1
7 74 36 1.23378e-12 -9.18808e-13 2.25558e-13 9
12 81 7 9.7823e-13 -5.62577e-13 1.17956e-12 8
50 75 11 -8.38924e-14 -5.73535e-13 1.25324e-12 10
44 48 55 2.62879e-13 6.19806e-15 -3.58483e-13 1
16 26 29 1.13576e-12 2.87221e-13 3.12543e-13 2
62 35 87 -4.67077e-14 3.56293e-13 -1.11443e-12 4
95 93 16 -1.10247e-12 -9.88188e-13 7.22237e-13 9
47 51 33 -3.27844e-13 -8.72186e-14 4.28207e-13 9
38 69 58 3.6684e-13 -6.26259e-13 -1.18672e-13 8
71 67 54 -4.58371e-13 -6.80939e-13 -1.40299e-13 10
42 82 24 2.02271e-13 -9.54167e-13 7.10069e-13 3
84 79 54 -2.08331e-12 -6.63301e-13 -6.53047e-14 1
88 4 55 -1.28757e-12 1.43092e-12 -3.82024e-13 5
73 76 68 -4.02189e-13 -3.58667e-12 -3.48999e-13 10
5 55 70 1.85891e-12 1.52823e-13 -3.61147e-13 6
4 94 40 1.0564e-12 -1.1654e-12 2.49905e-13 4
6 4 78 1.26089e-12 1.26277e-12 -3.70961e-13 5
77 9 52 -8.20744e-13 8.66408e-13 1.94351e-13 4
74 29 13 -6.10913e-13 3.10601e-13 1.10225e-12 10
53 25 78 4.23148e-13 4.89805e-13 -1.22757e-12 9
26 45 72 5.5508e-13 -2.05205e-14 -6.65168e-13 8
75 86 33 -3.92941e-13 -1.33829e-12 -1.68409e-13 3
92 22 9 -8.92736e-13 6.54554e-13 1.10173e-12 10
18 48 7 8.41538e-13 -1.83757e-14 1.58839e-12 6
