75 0 69 0 0 0 7
83 79 16 0 0 0 5
9 69 9 0 0 0 1
71 99 36 0 0 0 6
88 12 51 0 0 0 7
7 30 86 0 0 0 8
90 40 36 0 0 0 2
45 15 82 0 0 0 8
88 45 6 0 0 0 8
49 72 67 0 0 0 6
69 23 43 0 0 0 9
60 99 81 0 0 0 10
35 36 32 0 0 0 4
9 70 87 0 0 0 3
45 30 67 0 0 0 10
76 35 38 0 0 0 2
2 86 65 0 0 0 6
21 97 92 0 0 0 7
25 67 97 0 0 0 6
9 13 42 0 0 0 10
54 23 63 0 0 0 5
62 58 91 0 0 0 1
92 33 46 0 0 0 8
42 17 27 0 0 0 5
93 66 82 0 0 0 9
32 18 37 0 0 0 4
60 12 99 0 0 0 7
39 65 37 0 0 0 8
0 14 88 0 0 0 5
1 7 38 0 0 0 8
78 73 92 0 0 0 6
54 94 13 0 0 0 3
22 85 5 0 0 0 6
54 72 77 0 0 0 9
47 30 24 0 0 0 1
46 28 9 0 0 0 5
47 71 63 0 0 0 7
71 79 9 0 0 0 2
35 71 3 0 0 0 7
25 41 28 0 0 0 7
45 7 3 0 0 0 3
70 74 87 0 0 0 9
17 90 62 0 0 0 6
33 50 41 0 0 0 9
91 93 65 0 0 0 10
56 12 74 0 0 0 2
24 74 99 0 0 0 3
50 79 33 0 0 0 1
37 61 90 0 0 0 9
65 20 45 0 0 0 8
91 82 89 0 0 0 8
13 89 43 0 0 0 8
93 1 80 0 0 0 3
47 58 42 0 0 0 6
97 59 6 0 0 0 6
91 6 54 0 0 0 1
35 30 31 0 0 0 3
70 51 54 0 0 0 3
80 68 91 0 0 0 6
33 51 94 0 0 0 10
97 13 17 0 0 0 7
77 11 22 0 0 0 2
57 61 73 0 0 0 3
84 68 21 0 0 0 10
31 30 39 0 0 0 4
54 13 90 0 0 0 2
21 64 41 0 0 0 10
22 19 2 0 0 0 2
6 8 97 0 0 0 5
85 77 16 0 0 0 7
37 80 96 0 0 0 2
10 85 24 0 0 0 8
40 6 8 0 0 0 8
25 41 21 0 0 0 5
74 81 59 0 0 0 4
11 22 43 0 0 0 6
85 26 54 0 0 0 1
83 44 30 0 0 0 4
92 8 19 0 0 0 10
57 91 57 0 0 0 1
70 29 52 0 0 0 10
34 36 87 0 0 0 7
54 95 13 0 0 0 3
5 62 26 0 0 0 8
17 4 42 0 0 0 5
29 2 67 0 0 0 9
67 2 71 0 0 0 3
48 32 43 0 0 0 6
50 95 29 0 0 0 3
73 88 89 0 0 0 10
2 74 24 0 0 0 1
87 25 21 0 0 0 3
11 37 64 0 0 0 2
13 65 94 0 0 0 4
66 9 58 0 0 0 3
52 95 69 0 0 0 10
4 69 49 0 0 0 1
39 92 29 0 0 0 6
85 15 90 0 0 0 2
42 75 37 0 0 0 4
2 17 99 0 0 0 4
7 49 49 0 0 0 8
48 9 42 0 0 0 5
44 17 93 0 0 0 1
7 38 71 0 0 0 6
40 56 8 0 0 0 7
56 45 61 0 0 0 3
2 83 10 0 0 0 7
47 96 17 0 0 0 9
52 16 63 0 0 0 1
98 7 61 0 0 0 5
5 9 2 0 0 0 5
32 86 99 0 0 0 3
87 33 59 0 0 0 4
30 80 35 0 0 0 7
98 69 77 0 0 0 10
94 59 97 0 0 0 4
0 12 68 0 0 0 5
23 38 73 0 0 0 7
58 63 48 0 0 0 4
38 25 25 0 0 0 6
33 54 12 0 0 0 4
8 73 62 0 0 0 10
43 93 8 0 0 0 6
14 45 71 0 0 0 10
38 88 64 0 0 0 2
23 62 80 0 0 0 8
0 80 15 0 0 0 4
74 28 52 0 0 0 1
74 95 33 0 0 0 7
54 31 69 0 0 0 10
52 0 37 0 0 0 3
3 59 51 0 0 0 9
98 9 79 0 0 0 9
20 40 40 0 0 0 4
35 74 23 0 0 0 6
15 30 2 0 0 0 9
77 9 52 0 0 0 3
83 90 67 0 0 0 1
50 73 30 0 0 0 7
83 68 33 0 0 0 6
22 85 77 0 0 0 3
60 18 88 0 0 0 1
6 3 88 0 0 0 5
94 28 11 0 0 0 1
50 63 63 0 0 0 10
71 86 86 0 0 0 9
0 44 21 0 0 0 6
27 64 25 0 0 0 6
19 39 86 0 0 0 2
15 47 8 0 0 0 4
66 71 58 0 0 0 5
99 13 97 0 0 0 8
10 33 28 0 0 0 5
52 44 69 0 0 0 3
43 89 9 0 0 0 5
74 35 23 0 0 0 6
76 0 66 0 0 0 2
46 0 36 0 0 0 4
6 93 81 0 0 0 4
77 37 93 0 0 0 8
81 8 41 0 0 0 3
47 87 40 0 0 0 10
59 61 89 0 0 0 3
78 66 67 0 0 0 10
87 82 78 0 0 0 1
37 15 88 0 0 0 5
27 93 38 0 0 0 2
65 12 51 0 0 0 5
26 87 93 0 0 0 2
39 32 75 0 0 0 6
31 60 59 0 0 0 6
91 0 81 0 0 0 7
52 4 44 0 0 0 4
31 19 96 0 0 0 7
68 11 39 0 0 0 10
90 51 35 0 0 0 9
50 82 8 0 0 0 2
30 90 62 0 0 0 9
56 28 14 0 0 0 4
18 46 74 0 0 0 3
48 70 25 0 0 0 7
28 9 76 0 0 0 6
78 60 98 0 0 0 9
37 21 26 0 0 0 2
64 81 78 0 0 0 5
16 33 9 0 0 0 8
33 19 14 0 0 0 7
23 34 32 0 0 0 2
55 89 42 0 0 0 8
86 35 56 0 0 0 2
45 3 89 0 0 0 9
49 22 54 0 0 0 5
89 53 59 0 0 0 10
50 65 37 0 0 0 9
7 0 19 0 0 0 10
61 30 61 0 0 0 3
64 52 17 0 0 0 6
18 48 16 0 0 0 9
96 44 90 0 0 0 2
91 47 65 0 0 0 4
16 9 3 0 0 0 1
8 47 48 0 0 0 6
57 16 21 0 0 0 2
41 58 79 0 0 0 8
4 27 72 0 0 0 2
63 57 84 0 0 0 3
3 68 75 0 0 0 2
55 15 53 0 0 0 7
14 42 66 0 0 0 8
57 2 95 0 0 0 2
40 21 44 0 0 0 7
34 0 24 0 0 0 7
46 27 26 0 0 0 10
15 0 5 0 0 0 8
7 34 86 0 0 0 6
20 46 28 0 0 0 2
23 51 0 0 0 0 4
54 19 47 0 0 0 1
55 86 13 0 0 0 1
33 6 46 0 0 0 3
35 75 30 0 0 0 8
62 12 37 0 0 0 6
60 82 62 0 0 0 1
90 81 17 0 0 0 6
90 16 57 0 0 0 2
14 8 54 0 0 0 9
71 84 14 0 0 0 6
85 16 79 0 0 0 2
90 75 38 0 0 0 9
81 17 22 0 0 0 5
54 33 38 0 0 0 8
63 27 91 0 0 0 1
40 97 22 0 0 0 4
10 47 49 0 0 0 9
68 77 36 0 0 0 1
35 0 38 0 0 0 6
36 39 65 0 0 0 9
72 8 82 0 0 0 8
19 77 88 0 0 0 8
56 84 12 0 0 0 1
68 63 9 0 0 0 2
37 72 81 0 0 0 8
97 64 68 0 0 0 8
11 56 23 0 0 0 2
73 28 27 0 0 0 2
26 68 27 0 0 0 10
62 61 15 0 0 0 8
48 49 83 0 0 0 1
11 61 68 0 0 0 1
16 13 13 0 0 0 2
19 25 92 0 0 0 3
36 11 46 0 0 0 10
76 77 4 0 0 0 8
92 41 44 0 0 0 9
97 34 87 0 0 0 1
36 9 92 0 0 0 4
12 83 45 0 0 0 5
91 64 24 0 0 0 5
65 85 30 0 0 0 5
55 18 71 0 0 0 7
58 3 12 0 0 0 8
77 36 68 0 0 0 9
8 26 4 0 0 0 8
15 84 11 0 0 0 6
24 70 22 0 0 0 6
29 12 44 0 0 0 5
44 47 28 0 0 0 10
39 92 74 0 0 0 1
42 29 95 0 0 0 3
10 19 89 0 0 0 7
61 12 66 0 0 0 4
31 86 92 0 0 0 5
39 33 9 0 0 0 2
22 74 84 0 0 0 8
3 91 72 0 0 0 1
49 77 51 0 0 0 2
89 63 33 0 0 0 7
46 89 74 0 0 0 1
53 80 5 0 0 0 7
56 24 3 0 0 0 10
56 0 84 0 0 0 2
87 61 4 0 0 0 9
99 10 76 0 0 0 2
68 45 46 0 0 0 7
70 17 2 0 0 0 10
94 3 7 0 0 0 5
62 27 22 0 0 0 7
56 33 96 0 0 0 3
48 44 26 0 0 0 6
64 9 44 0 0 0 7
28 38 54 0 0 0 5
37 29 47 0 0 0 6
62 56 11 0 0 0 8
26 47 88 0 0 0 10
4 96 75 0 0 0 4
48 77 3 0 0 0 6
62 47 75 0 0 0 6
17 54 64 0 0 0 10
93 30 85 0 0 0 9
23 92 66 0 0 0 1
48 83 70 0 0 0 8
97 68 33 0 0 0 10
3 8 97 0 0 0 9
79 49 41 0 0 0 9
87 4 38 0 0 0 10
64 57 4 0 0 0 6
3 39 49 0 0 0 4
83 54 24 0 0 0 9
53 82 85 0 0 0 1
60 11 74 0 0 0 7
90 61 81 0 0 0 1
14 68 72 0 0 0 5
50 88 57 0 0 0 2
88 73 84 0 0 0 8
77 7 54 0 0 0 7
97 36 59 0 0 0 9
45 82 62 0 0 0 4
54 42 23 0 0 0 6
1 33 21 0 0 0 4
16 51 78 0 0 0 5
56 49 39 0 0 0 9
87 23 44 0 0 0 4
40 49 12 0 0 0 6
0 81 93 0 0 0 7
27 90 75 0 0 0 4
44 63 44 0 0 0 7
17 80 43 0 0 0 6
31 4 85 0 0 0 1
12 18 52 0 0 0 6
58 18 4 0 0 0 2
91 94 31 0 0 0 1
57 97 96 0 0 0 1
48 22 26 0 0 0 4
17 34 14 0 0 0 7
58 68 5 0 0 0 3
35 69 7 0 0 0 9
3 0 37 0 0 0 4
48 30 1 0 0 0 1
3 12 19 0 0 0 3
83 21 54 0 0 0 7
27 43 21 0 0 0 9
54 10 59 0 0 0 10
15 7 97 0 0 0 2
89 10 2 0 0 0 9
89 45 60 0 0 0 5
33 31 85 0 0 0 3
91 58 48 0 0 0 10
91 80 33 0 0 0 7
93 92 59 0 0 0 4
23 39 24 0 0 0 8
57 57 42 0 0 0 1
85 21 48 0 0 0 2
97 55 90 0 0 0 1
11 18 90 0 0 0 2
8 21 59 0 0 0 10
12 34 19 0 0 0 6
81 57 75 0 0 0 2
51 65 34 0 0 0 8
91 48 96 0 0 0 6
66 92 68 0 0 0 7
36 34 63 0 0 0 5
3 14 98 0 0 0 3
82 79 54 0 0 0 8
71 4 43 0 0 0 5
68 67 39 0 0 0 1
22 97 27 0 0 0 4
34 62 11 0 0 0 6
1 74 69 0 0 0 6
85 37 76 0 0 0 1
24 7 43 0 0 0 3
16 83 70 0 0 0 9
16 69 21 0 0 0 2
2 97 46 0 0 0 9
77 66 61 0 0 0 4
5 90 74 0 0 0 10
17 44 41 0 0 0 3
29 60 95 0 0 0 1
76 46 3 0 0 0 6
87 61 80 0 0 0 10
86 73 17 0 0 0 5
42 67 96 0 0 0 6
84 36 75 0 0 0 9
5 33 39 0 0 0 8
99 9 55 0 0 0 2
31 47 86 0 0 0 8
19 38 76 0 0 0 8
10 90 14 0 0 0 8
42 52 75 0 0 0 8
85 77 53 0 0 0 1
30 95 88 0 0 0 1
2 37 21 0 0 0 4
87 5 99 0 0 0 7
92 51 43 0 0 0 8
6 23 41 0 0 0 9
10 21 42 0 0 0 6
71 39 91 0 0 0 6
2 68 77 0 0 0 1
28 32 70 0 0 0 2
7 29 5 0 0 0 1
80 92 9 0 0 0 7
88 71 96 0 0 0 4
45 65 58 0 0 0 9
18 18 95 0 0 0 7
18 61 9 0 0 0 2
6 63 0 0 0 0 2
18 91 76 0 0 0 9
73 78 5 0 0 0 9
98 99 69 0 0 0 3
34 51 72 0 0 0 2
35 61 71 0 0 0 9
7 58 72 0 0 0 10
82 75 89 0 0 0 6
84 95 47 0 0 0 4
91 46 70 0 0 0 9
23 66 2 0 0 0 4
58 41 16 0 0 0 3
86 11 98 0 0 0 4
65 62 3 0 0 0 6
89 28 3 0 0 0 10
24 28 39 0 0 0 2
29 70 44 0 0 0 3
35 35 4 0 0 0 4
26 84 76 0 0 0 2
28 35 96 0 0 0 3
9 20 32 0 0 0 9
18 89 64 0 0 0 6
51 24 19 0 0 0 1
23 0 83 0 0 0 6
9 50 16 0 0 0 4
23 21 10 0 0 0 4
21 4 8 0 0 0 8
3 87 42 0 0 0 10
7 22 1 0 0 0 1
95 85 78 0 0 0 9
86 90 80 0 0 0 3
88 95 30 0 0 0 3
31 31 56 0 0 0 10
91 97 68 0 0 0 3
57 43 8 0 0 0 5
68 3 3 0 0 0 10
28 71 93 0 0 0 6
28 90 83 0 0 0 10
29 83 82 0 0 0 2
15 50 98 0 0 0 7
79 59 50 0 0 0 5
94 49 42 0 0 0 7
54 60 86 0 0 0 5
98 15 41 0 0 0 1
86 37 32 0 0 0 7
0 4 32 0 0 0 9
89 2 49 0 0 0 9
59 92 60 0 0 0 4
74 92 24 0 0 0 3
49 27 12 0 0 0 4
75 59 84 0 0 0 8
26 13 2 0 0 0 10
12 31 38 0 0 0 5
55 92 65 0 0 0 6
81 56 41 0 0 0 2
97 45 37 0 0 0 1
16 98 28 0 0 0 10
91 7 7 0 0 0 4
88 93 44 0 0 0 6
76 87 80 0 0 0 3
4 9 31 0 0 0 6
27 77 66 0 0 0 8
62 36 82 0 0 0 1
64 30 64 0 0 0 9
4 19 52 0 0 0 6
17 96 1 0 0 0 5
70 21 40 0 0 0 2
95 21 53 0 0 0 9
71 76 99 0 0 0 6
73 11 72 0 0 0 7
95 42 28 0 0 0 3
53 58 24 0 0 0 4
87 85 79 0 0 0 8
47 90 56 0 0 0 9
41 51 46 0 0 0 8
88 89 11 0 0 0 10
60 43 27 0 0 0 1
7 75 29 0 0 0 9
85 18 3 0 0 0 3
15 5 19 0 0 0 6
49 95 28 0 0 0 1
24 85 78 0 0 0 2
88 0 65 0 0 0 6
82 1 32 0 0 0 8
27 35 97 0 0 0 3
37 76 75 0 0 0 5
44 57 28 0 0 0 7
91 7 32 0 0 0 2
49 30 17 0 0 0 1
49 38 93 0 0 0 7
48 63 69 0 0 0 9
65 21 71 0 0 0 8
70 22 26 0 0 0 5
91 86 88 0 0 0 8
23 58 21 0 0 0 9
45 29 59 0 0 0 4
19 17 93 0 0 0 4
13 32 7 0 0 0 3
89 16 26 0 0 0 2
47 11 68 0 0 0 4
22 18 63 0 0 0 10
56 70 34 0 0 0 6
15 69 4 0 0 0 6
32 63 15 0 0 0 6
36 56 72 0 0 0 5
33 79 74 0 0 0 4
94 43 40 0 0 0 5
94 29 11 0 0 0 10
66 83 22 0 0 0 4
8 19 92 0 0 0 1
55 15 59 0 0 0 4
97 63 30 0 0 0 4
12 0 66 0 0 0 10
12 87 65 0 0 0 6
47 9 43 0 0 0 6
30 26 36 0 0 0 3
48 87 49 0 0 0 7
16 21 89 0 0 0 3
16 63 72 0 0 0 1
11 79 15 0 0 0 3
2 3 23 0 0 0 7
83 57 99 0 0 0 2
45 53 3 0 0 0 7
72 83 31 0 0 0 7
64 12 90 0 0 0 7
40 93 7 0 0 0 6
45 61 57 0 0 0 10
35 54 31 0 0 0 9
3 7 19 0 0 0 1
97 53 14 0 0 0 6
56 32 52 0 0 0 2
92 70 96 0 0 0 8
11 18 23 0 0 0 5
59 78 1 0 0 0 9
99 70 96 0 0 0 3
84 92 20 0 0 0 4
50 28 35 0 0 0 2
35 97 93 0 0 0 10
55 40 54 0 0 0 5
85 61 83 0 0 0 9
97 11 23 0 0 0 10
18 48 83 0 0 0 5
42 93 4 0 0 0 2
3 62 7 0 0 0 8
88 25 9 0 0 0 6
65 79 36 0 0 0 1
59 23 74 0 0 0 6
72 52 92 0 0 0 10
69 73 2 0 0 0 2
76 71 9 0 0 0 8
73 10 93 0 0 0 2
55 23 0 0 0 0 7
1 70 18 0 0 0 2
10 10 91 0 0 0 9
24 1 38 0 0 0 7
32 34 4 0 0 0 2
48 99 64 0 0 0 3
90 8 19 0 0 0 8
73 49 43 0 0 0 5
65 0 24 0 0 0 6
80 15 71 0 0 0 5
22 35 90 0 0 0 2
49 5 75 0 0 0 4
98 95 17 0 0 0 1
29 30 84 0 0 0 5
72 14 37 0 0 0 10
25 47 61 0 0 0 2
13 75 49 0 0 0 2
57 53 6 0 0 0 7
75 88 13 0 0 0 5
70 47 14 0 0 0 3
29 15 44 0 0 0 5
81 81 36 0 0 0 5
89 10 0 0 0 0 8
54 23 93 0 0 0 1
2 62 96 0 0 0 4
74 59 61 0 0 0 4
98 71 57 0 0 0 10
0 15 45 0 0 0 10
10 7 82 0 0 0 7
16 48 24 0 0 0 7
1 38 62 0 0 0 6
27 2 15 0 0 0 2
61 69 70 0 0 0 8
40 17 42 0 0 0 10
82 76 64 0 0 0 4
27 41 94 0 0 0 3
12 6 73 0 0 0 1
81 39 18 0 0 0 3
61 76 24 0 0 0 5
49 91 33 0 0 0 2
9 62 22 0 0 0 2
46 24 51 0 0 0 8
5 58 63 0 0 0 9
42 6 52 0 0 0 1
1 12 79 0 0 0 10
68 7 87 0 0 0 6
41 24 39 0 0 0 3
67 6 88 0 0 0 5
87 7 19 0 0 0 5
17 19 59 0 0 0 4
35 33 63 0 0 0 7
46 98 6 0 0 0 5
30 54 75 0 0 0 6
78 79 67 0 0 0 4
72 81 41 0 0 0 2
70 43 84 0 0 0 7
31 28 47 0 0 0 5
92 90 29 0 0 0 2
1 77 22 0 0 0 9
14 51 14 0 0 0 8
45 18 53 0 0 0 3
47 32 90 0 0 0 6
11 3 11 0 0 0 7
86 43 94 0 0 0 1
96 11 37 0 0 0 8
45 65 67 0 0 0 9
19 67 82 0 0 0 5
63 79 95 0 0 0 6
82 91 84 0 0 0 4
22 52 93 0 0 0 9
38 78 18 0 0 0 5
82 57 20 0 0 0 5
30 70 37 0 0 0 9
92 21 68 0 0 0 9
64 33 97 0 0 0 3
12 5 69 0 0 0 1
68 50 62 0 0 0 5
24 69 70 0 0 0 2
88 86 5 0 0 0 10
3 81 31 0 0 0 3
74 16 10 0 0 0 2
91 45 64 0 0 0 9
69 6 41 0 0 0 8
94 66 88 0 0 0 4
20 69 22 0 0 0 2
81 27 87 0 0 0 5
21 72 3 0 0 0 10
32 24 64 0 0 0 4
88 86 38 0 0 0 10
39 2 87 0 0 0 5
89 75 33 0 0 0 6
45 73 36 0 0 0 1
46 15 52 0 0 0 6
92 44 74 0 0 0 4
58 8 58 0 0 0 9
26 37 17 0 0 0 9
59 11 80 0 0 0 3
42 35 65 0 0 0 3
37 94 77 0 0 0 3
76 86 29 0 0 0 8
77 53 20 0 0 0 4
33 22 93 0 0 0 1
71 56 97 0 0 0 5
84 52 24 0 0 0 2
32 19 16 0 0 0 9
12 96 58 0 0 0 2
84 6 24 0 0 0 6
72 73 51 0 0 0 6
1 6 14 0 0 0 3
89 36 39 0 0 0 2
95 46 64 0 0 0 5
43 78 48 0 0 0 5
74 98 71 0 0 0 1
37 53 31 0 0 0 8
59 56 76 0 0 0 2
92 19 15 0 0 0 10
35 94 66 0 0 0 7
48 43 3 0 0 0 3
87 65 51 0 0 0 4
51 2 89 0 0 0 10
10 65 19 0 0 0 7
8 51 38 0 0 0 8
14 11 84 0 0 0 9
69 47 67 0 0 0 8
79 61 93 0 0 0 2
41 74 79 0 0 0 8
58 66 98 0 0 0 2
59 88 74 0 0 0 1
56 31 85 0 0 0 2
93 45 8 0 0 0 10
56 3 44 0 0 0 3
10 29 20 0 0 0 6
96 88 61 0 0 0 6
73 73 26 0 0 0 10
81 92 61 0 0 0 5
63 80 1 0 0 0 6
51 36 41 0 0 0 6
1 67 30 0 0 0 4
86 24 40 0 0 0 4
96 14 19 0 0 0 6
3 74 15 0 0 0 5
55 65 32 0 0 0 10
83 15 48 0 0 0 2
97 99 61 0 0 0 5
91 81 80 0 0 0 1
48 30 94 0 0 0 5
27 27 69 0 0 0 10
15 29 74 0 0 0 6
44 19 56 0 0 0 6
8 48 53 0 0 0 2
85 71 47 0 0 0 1
34 80 82 0 0 0 9
65 61 68 0 0 0 8
89 57 90 0 0 0 7
28 63 41 0 0 0 7
62 46 95 0 0 0 3
82 84 58 0 0 0 5
55 5 45 0 0 0 2
63 57 26 0 0 0 2
61 32 56 0 0 0 3
85 0 95 0 0 0 1
89 16 36 0 0 0 4
92 73 17 0 0 0 5
73 14 88 0 0 0 2
77 56 19 0 0 0 2
1 89 28 0 0 0 5
16 28 74 0 0 0 2
64 10 40 0 0 0 8
18 51 27 0 0 0 4
83 88 54 0 0 0 9
84 63 77 0 0 0 6
93 64 63 0 0 0 3
74 83 14 0 0 0 5
50 38 22 0 0 0 3
69 72 89 0 0 0 1
7 50 92 0 0 0 4
25 61 18 0 0 0 8
52 28 63 0 0 0 10
88 99 14 0 0 0 6
38 32 91 0 0 0 10
13 78 70 0 0 0 1
85 31 44 0 0 0 10
37 34 57 0 0 0 9
95 96 65 0 0 0 10
22 2 35 0 0 0 7
11 40 46 0 0 0 7
15 9 66 0 0 0 7
67 39 76 0 0 0 2
21 12 61 0 0 0 8
63 92 12 0 0 0 3
93 25 76 0 0 0 7
8 5 83 0 0 0 8
16 15 58 0 0 0 5
57 5 21 0 0 0 1
65 15 59 0 0 0 8
77 12 57 0 0 0 9
19 53 10 0 0 0 8
11 26 75 0 0 0 2
64 45 64 0 0 0 4
61 80 31 0 0 0 6
71 27 86 0 0 0 5
86 46 3 0 0 0 4
31 35 0 0 0 0 10
76 59 4 0 0 0 7
82 61 57 0 0 0 6
34 12 82 0 0 0 5
71 95 15 0 0 0 10
51 65 95 0 0 0 7
44 66 1 0 0 0 5
41 35 8 0 0 0 5
61 49 76 0 0 0 3
75 32 84 0 0 0 5
79 29 58 0 0 0 5
75 10 47 0 0 0 1
94 34 11 0 0 0 7
9 53 61 0 0 0 5
47 52 98 0 0 0 4
34 20 48 0 0 0 6
95 95 25 0 0 0 9
62 96 33 0 0 0 1
65 40 81 0 0 0 3
87 57 84 0 0 0 8
64 82 79 0 0 0 7
76 79 11 0 0 0 6
83 34 89 0 0 0 4
91 94 3 0 0 0 9
27 43 34 0 0 0 9
98 58 83 0 0 0 7
25 7 14 0 0 0 2
30 36 3 0 0 0 5
42 56 31 0 0 0 10
67 91 63 0 0 0 4
45 23 66 0 0 0 5
69 28 17 0 0 0 5
80 88 71 0 0 0 5
19 39 67 0 0 0 8
63 5 25 0 0 0 1
99 39 18 0 0 0 4
75 31 59 0 0 0 9
71 50 96 0 0 0 2
84 24 10 0 0 0 4
75 71 3 0 0 0 8
32 23 19 0 0 0 9
32 34 47 0 0 0 10
42 70 98 0 0 0 2
70 7 36 0 0 0 1
72 15 6 0 0 0 3
84 55 25 0 0 0 3
77 4 7 0 0 0 7
19 17 67 0 0 0 9
83 67 48 0 0 0 3
22 23 56 0 0 0 6
51 30 33 0 0 0 5
25 87 1 0 0 0 1
96 40 62 0 0 0 10
9 58 64 0 0 0 7
88 23 2 0 0 0 2
49 72 86 0 0 0 10
94 0 37 0 0 0 8
13 90 55 0 0 0 4
97 82 78 0 0 0 2
49 7 21 0 0 0 10
68 3 71 0 0 0 8
90 52 56 0 0 0 10
40 37 15 0 0 0 4
26 88 1 0 0 0 7
81 98 87 0 0 0 9
99 4 38 0 0 0 10
85 9 66 0 0 0 4
73 75 68 0 0 0 4
31 91 51 0 0 0 2
45 39 81 0 0 0 6
13 99 23 0 0 0 8
82 23 18 0 0 0 1
51 66 76 0 0 0 10
55 40 98 0 0 0 5
6 27 7 0 0 0 4
31 40 50 0 0 0 8
58 57 7 0 0 0 6
31 6 47 0 0 0 6
80 20 8 0 0 0 7
56 19 75 0 0 0 10
1 35 65 0 0 0 1
59 54 32 0 0 0 3
9 13 99 0 0 0 4
67 65 3 0 0 0 7
73 79 27 0 0 0 4
51 78 62 0 0 0 3
33 8 44 0 0 0 2
61 28 10 0 0 0 2
87 66 2 0 0 0 10
96 79 27 0 0 0 3
2 38 84 0 0 0 8
98 59 31 0 0 0 4
59 99 47 0 0 0 7
7 61 2 0 0 0 8
59 64 81 0 0 0 6
84 12 93 0 0 0 6
87 45 80 0 0 0 10
61 94 74 0 0 0 9
16 34 92 0 0 0 8
48 5 38 0 0 0 1
93 53 20 0 0 0 3
15 6 40 0 0 0 8
99 19 21 0 0 0 4
54 45 27 0 0 0 6
4 90 73 0 0 0 4
87 87 63 0 0 0 5
3 30 30 0 0 0 5
16 99 92 0 0 0 6
70 3 44 0 0 0 4
28 9 14 0 0 0 4
57 97 83 0 0 0 5
6 46 11 0 0 0 6
32 13 43 0 0 0 8
81 94 17 0 0 0 8
45 81 57 0 0 0 6
7 17 25 0 0 0 7
47 43 69 0 0 0 5
10 75 29 0 0 0 7
20 19 62 0 0 0 10
17 80 47 0 0 0 1
56 84 92 0 0 0 6
60 60 56 0 0 0 6
75 71 79 0 0 0 6
68 12 74 0 0 0 2
3 25 93 0 0 0 4
28 91 89 0 0 0 6
36 31 76 0 0 0 5
35 22 34 0 0 0 8
15 73 14 0 0 0 6
79 76 32 0 0 0 1
56 45 19 0 0 0 4
52 15 33 0 0 0 10
75 63 66 0 0 0 4
91 85 63 0 0 0 4
78 44 88 0 0 0 2
51 24 36 0 0 0 3
10 8 79 0 0 0 1
35 79 97 0 0 0 6
69 9 49 0 0 0 9
86 34 4 0 0 0 9
59 35 15 0 0 0 3
18 34 17 0 0 0 9
42 95 10 0 0 0 9
98 19 49 0 0 0 4
28 79 41 0 0 0 9
32 80 35 0 0 0 5
25 66 57 0 0 0 6
39 26 45 0 0 0 9
2 45 51 0 0 0 5
98 89 21 0 0 0 7
47 50 38 0 0 0 7
79 49 37 0 0 0 3
18 4 71 0 0 0 4
13 39 30 0 0 0 2
86 77 43 0 0 0 8
18 86 22 0 0 0 10
16 23 72 0 0 0 9
62 46 74 0 0 0 5
6 68 48 0 0 0 5
7 36 28 0 0 0 10
83 62 53 0 0 0 5
31 24 98 0 0 0 2
9 68 95 0 0 0 10
77 94 62 0 0 0 9
67 67 85 0 0 0 9
83 50 71 0 0 0 9
82 6 68 0 0 0 5
1 80 83 0 0 0 2
84 98 23 0 0 0 9
45 20 19 0 0 0 1
41 90 45 0 0 0 10
33 3 56 0 0 0 7
8 96 82 0 0 0 4
9 20 46 0 0 0 1
72 10 39 0 0 0 7
22 56 60 0 0 0 8
41 11 61 0 0 0 2
88 82 73 0 0 0 2
18 59 78 0 0 0 4
88 80 66 0 0 0 5
58 95 7 0 0 0 2
23 20 94 0 0 0 2
88 30 19 0 0 0 5
5 56 52 0 0 0 2
61 33 3 0 0 0 2
99 51 41 0 0 0 3
2 16 24 0 0 0 5
78 69 15 0 0 0 4
51 74 80 0 0 0 7
53 63 43 0 0 0 6
37 70 13 0 0 0 8
24 76 16 0 0 0 6
76 24 61 0 0 0 7
27 41 97 0 0 0 6
42 32 32 0 0 0 7
82 94 27 0 0 0 1
83 76 41 0 0 0 2
69 67 21 0 0 0 8
83 96 78 0 0 0 8
28 33 74 0 0 0 7
48 37 67 0 0 0 7
59 46 55 0 0 0 2
17 4 99 0 0 0 10
85 56 90 0 0 0 5
39 98 47 0 0 0 5
44 35 20 0 0 0 10
80 7 16 0 0 0 9
39 46 84 0 0 0 3
55 55 65 0 0 0 6
25 38 89 0 0 0 3
25 26 35 0 0 0 3
15 66 60 0 0 0 7
31 74 64 0 0 0 10
29 8 68 0 0 0 6
73 56 85 0 0 0 10
89 19 64 0 0 0 6
33 87 51 0 0 0 8
94 67 41 0 0 0 9
22 52 70 0 0 0 6
39 81 57 0 0 0 8
58 23 81 0 0 0 10
46 44 53 0 0 0 1
65 32 15 0 0 0 8
81 97 68 0 0 0 1
15 3 2 0 0 0 9
8 95 86 0 0 0 3
57 34 46 0 0 0 6
29 4 1 0 0 0 6
77 1 66 0 0 0 5
91 42 67 0 0 0 1
45 80 96 0 0 0 3
60 71 83 0 0 0 1
84 73 44 0 0 0 1
87 61 59 0 0 0 6
34 78 89 0 0 0 1
3 15 77 0 0 0 5
35 21 68 0 0 0 3
69 82 99 0 0 0 8
36 76 91 0 0 0 1
78 9 92 0 0 0 9
53 57 51 0 0 0 10
54 50 38 0 0 0 6
48 94 42 0 0 0 9
14 38 67 0 0 0 4
41 58 21 0 0 0 3
60 21 67 0 0 0 1
40 22 83 0 0 0 4
26 27 45 0 0 0 9
22 41 81 0 0 0 1
42 25 22 0 0 0 9
52 13 93 0 0 0 9
93 42 56 0 0 0 1
22 48 7 0 0 0 7
47 26 28 0 0 0 2
89 16 38 0 0 0 7
72 82 25 0 0 0 3
14 79 40 0 0 0 9
55 58 83 0 0 0 3
89 0 49 0 0 0 3
77 10 25 0 0 0 6
99 24 57 0 0 0 4
91 45 67 0 0 0 9
40 85 3 0 0 0 5
57 45 80 0 0 0 5
46 51 51 0 0 0 10
8 70 89 0 0 0 10
60 42 32 0 0 0 7
77 66 88 0 0 0 4
48 77 14 0 0 0 6
59 35 34 0 0 0 7
5 82 74 0 0 0 1
61 65 90 0 0 0 7
57 59 49 0 0 0 2
53 23 8 0 0 0 3
89 91 45 0 0 0 4
43 15 59 0 0 0 9
72 95 44 0 0 0 5
24 31 47 0 0 0 3
87 90 95 0 0 0 10
7 33 35 0 0 0 7
44 77 56 0 0 0 6
19 59 72 0 0 0 7
59 95 76 0 0 0 2
35 40 49 0 0 0 6
95 95 22 0 0 0 2
69 81 56 0 0 0 5
47 85 94 0 0 0 10
56 89 59 0 0 0 9
95 64 39 0 0 0 6
74 34 13 0 0 0 8
6 27 58 0 0 0 1
86 65 69 0 0 0 7
35 19 76 0 0 0 7
47 46 75 0 0 0 9
68 39 15 0 0 0 5
11 13 7 0 0 0 3
84 81 18 0 0 0 4
61 75 31 0 0 0 8
63 90 9 0 0 0 4
68 31 97 0 0 0 10
29 10 14 0 0 0 5
90 61 51 0 0 0 3
59 21 15 0 0 0 9
85 34 85 0 0 0 5
18 11 57 0 0 0 10
29 94 55 0 0 0 4
82 81 94 0 0 0 1
96 52 8 0 0 0 10
76 29 28 0 0 0 6
33 74 64 0 0 0 7
20 22 68 0 0 0 4
26 91 6 0 0 0 5
19 38 40 0 0 0 7
2 11 79 0 0 0 2
42 58 65 0 0 0 3
59 27 10 0 0 0 1
30 42 90 0 0 0 4
20 14 26 0 0 0 3
6 66 99 0 0 0 1
93 68 75 0 0 0 9
72 2 31 0 0 0 8
10 91 33 0 0 0 6
76 43 51 0 0 0 2
16 57 75 0 0 0 6
3 36 56 0 0 0 2
37 15 81 0 0 0 7
98 6 45 0 0 0 7
18 58 66 0 0 0 9
84 8 10 0 0 0 9
92 13 43 0 0 0 3
11 84 98 0 0 0 2
4 28 43 0 0 0 9
96 31 98 0 0 0 6
73 32 37 0 0 0 1
99 85 60 0 0 0 3
75 4 49 0 0 0 8
52 55 5 0 0 0 10
94 65 35 0 0 0 1
96 23 36 0 0 0 2
35 3 54 0 0 0 10
5 72 36 0 0 0 4
63 54 6 0 0 0 1
37 80 50 0 0 0 5
9 54 30 0 0 0 1
31 4 97 0 0 0 9
1 80 67 0 0 0 4
71 66 75 0 0 0 8
56 23 76 0 0 0 8
77 66 7 0 0 0 5
45 91 60 0 0 0 9
34 89 65 0 0 0 9
43 41 79 0 0 0 4
34 73 44 0 0 0 5
72 69 97 0 0 0 1
67 45 9 0 0 0 1
59 38 45 0 0 0 9
20 18 93 0 0 0 1
67 58 39 0 0 0 2
96 46 7 0 0 0 6
2 4 99 0 0 0 9
97 80 23 0 0 0 5
44 56 80 0 0 0 7
73 54 80 0 0 0 5
77 46 65 0 0 0 5
36 54 32 0 0 0 6
50 83 83 0 0 0 3
91 74 59 0 0 0 4
57 27 54 0 0 0 3
79 5 59 0 0 0 5
56 41 3 0 0 0 5
32 15 82 0 0 0 4
82 55 1 0 0 0 8
43 36 2 0 0 0 9
90 75 29 0 0 0 6
76 26 20 0 0 0 9
50 11 47 0 0 0 10
64 18 58 0 0 0 9
25 37 24 0 0 0 6
48 47 18 0 0 0 1
53 84 87 0 0 0 7
21 16 5 0 0 0 10
86 85 47 0 0 0 3
66 17 40 0 0 0 2
97 62 44 0 0 0 8
30 21 78 0 0 0 1
70 4 26 0 0 0 3
15 27 48 0 0 0 10
11 65 88 0 0 0 3
7 76 87 0 0 0 8
51 42 7 0 0 0 1
99 55 14 0 0 0 3
23 35 76 0 0 0 1
6 42 90 0 0 0 10
92 72 29 0 0 0 3
83 94 40 0 0 0 7
15 38 1 0 0 0 4
96 58 10 0 0 0 7
0 20 43 0 0 0 6
4 13 90 0 0 0 1
92 59 39 0 0 0 6
83 71 81 0 0 0 10
27 59 17 0 0 0 5
92 52 82 0 0 0 7
34 60 56 0 0 0 6
74 33 89 0 0 0 5
90 41 89 0 0 0 6
35 21 28 0 0 0 8
75 80 29 0 0 0 8
38 62 21 0 0 0 7
50 56 6 0 0 0 8
75 30 78 0 0 0 3
12 61 83 0 0 0 3
46 2 48 0 0 0 9
20 32 11 0 0 0 3
36 42 72 0 0 0 2
85 17 43 0 0 0 7
46 58 29 0 0 0 8
50 31 12 0 0 0 2
88 50 80 0 0 0 4
96 20 9 0 0 0 10
14 24 98 0 0 0 3
63 6 7 0 0 0 2
75 29 82 0 0 0 2
10 70 39 0 0 0 9
65 4 73 0 0 0 2
82 33 16 0 0 0 7
42 34 20 0 0 0 2
43 90 26 0 0 0 10
66 87 33 0 0 0 4
63 46 40 0 0 0 2
74 32 35 0 0 0 4
40 52 10 0 0 0 10
15 67 69 0 0 0 3
15 89 64 0 0 0 3
78 62 82 0 0 0 5
84 73 93 0 0 0 3
18 76 92 0 0 0 4
75 20 42 0 0 0 7
20 30 85 0 0 0 5
78 14 48 0 0 0 9
38 79 49 0 0 0 1
88 36 69 0 0 0 9
19 9 67 0 0 0 9
24 44 36 0 0 0 9
72 69 0 0 0 0 7
91 37 72 0 0 0 3
15 95 41 0 0 0 9
66 61 46 0 0 0 8
67 64 29 0 0 0 4
50 56 44 0 0 0 10
86 11 53 0 0 0 2
74 28 78 0 0 0 8
59 72 27 0 0 0 2
81 52 92 0 0 0 10
92 28 92 0 0 0 8
53 67 90 0 0 0 9
92 79 37 0 0 0 10
88 43 95 0 0 0 2
54 68 37 0 0 0 2
55 92 75 0 0 0 3
29 53 30 0 0 0 9
50 65 97 0 0 0 1
70 60 40 0 0 0 3
94 26 6 0 0 0 5
61 3 53 0 0 0 5
31 69 68 0 0 0 9
56 73 32 0 0 0 3
90 80 15 0 0 0 4
26 43 45 0 0 0 4
53 52 76 0 0 0 5
61 11 7 0 0 0 6
85 70 44 0 0 0 3
14 49 74 0 0 0 1
15 16 69 0 0 0 3
47 13 33 0 0 0 3
16 84 18 0 0 0 5
84 30 24 0 0 0 8
8 70 55 0 0 0 10
35 38 95 0 0 0 1
0 45 26 0 0 0 5
78 51 74 0 0 0 4
83 82 8 0 0 0 5
45 4 15 0 0 0 2
73 73 37 0 0 0 3
60 34 4 0 0 0 9
79 86 23 0 0 0 8
18 16 22 0 0 0 1
81 45 39 0 0 0 7
5 79 47 0 0 0 10
88 70 88 0 0 0 9
51 59 72 0 0 0 8
76 26 90 0 0 0 7
69 36 99 0 0 0 7
39 12 68 0 0 0 7
90 57 54 0 0 0 10
12 69 99 0 0 0 2
40 93 67 0 0 0 1
17 1 49 0 0 0 5
63 80 11 0 0 0 1
14 36 62 0 0 0 5
16 11 11 0 0 0 3
0 5 14 0 0 0 7
96 30 41 0 0 0 2
90 66 21 0 0 0 10
51 15 92 0 0 0 2
7 34 95 0 0 0 8
65 38 55 0 0 0 7
82 69 1 0 0 0 1
32 95 86 0 0 0 5
13 0 14 0 0 0 1
32 98 14 0 0 0 10
79 27 91 0 0 0 3
29 63 28 0 0 0 2
94 45 61 0 0 0 1
0 58 46 0 0 0 7
53 43 24 0 0 0 1
3 21 90 0 0 0 6
71 10 50 0 0 0 6
21 21 21 0 0 0 8
18 56 88 0 0 0 9
55 16 97 0 0 0 1
57 87 85 0 0 0 8
37 34 3 0 0 0 8
34 50 77 0 0 0 7
5 80 70 0 0 0 6
73 25 12 0 0 0 8
39 87 58 0 0 0 1
23 33 60 0 0 0 1
36 47 38 0 0 0 1
52 22 98 0 0 0 1
0 13 98 0 0 0 4
14 92 74 0 0 0 9
7 60 85 0 0 0 7
28 83 46 0 0 0 5
60 45 1 0 0 0 7
52 55 87 0 0 0 10
1 59 34 0 0 0 5
40 93 69 0 0 0 5
4 12 83 0 0 0 3
49 87 26 0 0 0 9
69 45 49 0 0 0 10
51 32 70 0 0 0 10
41 38 14 0 0 0 6
62 89 46 0 0 0 10
5 80 23 0 0 0 1
89 17 28 0 0 0 8
53 70 94 0 0 0 6
6 27 44 0 0 0 5
38 44 53 0 0 0 5
63 94 67 0 0 0 5
69 39 37 0 0 0 9
60 88 79 0 0 0 9
93 3 88 0 0 0 3
6 96 8 0 0 0 10
12 23 48 0 0 0 3
89 82 6 0 0 0 9
55 96 73 0 0 0 7
60 43 81 0 0 0 4
18 78 30 0 0 0 8
88 75 99 0 0 0 5
33 79 97 0 0 0 5
44 37 37 0 0 0 9
69 35 43 0 0 0 8
84 6 55 0 0 0 7
83 70 1 0 0 0 6
13 58 27 0 0 0 8
52 21 2 0 0 0 3
30 26 78 0 0 0 7
16 24 98 0 0 0 6
58 28 80 0 0 0 8
31 99 96 0 0 0 9
8 90 63 0 0 0 2
11 25 77 0 0 0 8
98 68 83 0 0 0 3
96 88 39 0 0 0 7
11 89 61 0 0 0 1
95 46 55 0 0 0 1
13 34 95 0 0 0 6
71 66 39 0 0 0 7
92 75 38 0 0 0 5
51 17 21 0 0 0 2
1 44 92 0 0 0 6
98 30 50 0 0 0 9
99 61 82 0 0 0 7
73 82 16 0 0 0 4
13 34 12 0 0 0 5
13 88 17 0 0 0 7
2 12 20 0 0 0 8
70 66 42 0 0 0 6
11 34 66 0 0 0 9
93 27 88 0 0 0 6
97 13 51 0 0 0 2
51 99 10 0 0 0 7
37 48 21 0 0 0 7
4 6 92 0 0 0 1
50 61 45 0 0 0 1
96 17 22 0 0 0 10
31 66 45 0 0 0 10
10 19 55 0 0 0 3
86 97 70 0 0 0 7
48 21 47 0 0 0 6
6 45 16 0 0 0 4
20 91 10 0 0 0 1
21 98 85 0 0 0 5
78 45 34 0 0 0 9
31 13 5 0 0 0 6
68 75 73 0 0 0 3
53 78 77 0 0 0 10
45 73 56 0 0 0 2
43 0 19 0 0 0 5
90 43 30 0 0 0 1
71 76 76 0 0 0 6
60 51 94 0 0 0 9
59 26 51 0 0 0 1
76 58 41 0 0 0 1
95 94 39 0 0 0 5
77 2 46 0 0 0 2
53 5 20 0 0 0 8
38 91 27 0 0 0 2
31 22 86 0 0 0 2
69 65 71 0 0 0 2
36 2 89 0 0 0 1
33 60 42 0 0 0 4
43 0 24 0 0 0 5
5 21 39 0 0 0 10
7 61 74 0 0 0 9
7 22 27 0 0 0 1
73 12 16 0 0 0 6
98 81 79 0 0 0 5
58 43 24 0 0 0 9
0 33 78 0 0 0 3
78 57 67 0 0 0 6
13 32 81 0 0 0 10
90 47 69 0 0 0 5
34 52 37 0 0 0 9
47 67 32 0 0 0 6
23 19 84 0 0 0 2
92 71 93 0 0 0 4
21 94 28 0 0 0 8
80 43 66 0 0 0 6
76 41 22 0 0 0 10
89 19 89 0 0 0 7
78 29 45 0 0 0 1
3 50 99 0 0 0 10
83 57 1 0 0 0 10
83 82 98 0 0 0 9
3 50 24 0 0 0 7
40 77 52 0 0 0 9
59 7 40 0 0 0 3
1 13 22 0 0 0 3
24 26 91 0 0 0 2
69 70 14 0 0 0 3
38 41 25 0 0 0 3
46 50 73 0 0 0 4
42 6 10 0 0 0 10
23 24 89 0 0 0 2
17 87 18 0 0 0 9
98 78 84 0 0 0 3
79 10 95 0 0 0 9
14 81 76 0 0 0 3
5 42 2 0 0 0 9
38 93 52 0 0 0 9
24 61 50 0 0 0 6
68 27 73 0 0 0 10
99 68 28 0 0 0 10
23 69 91 0 0 0 2
76 78 25 0 0 0 3
45 49 76 0 0 0 7
28 57 59 0 0 0 5
26 79 69 0 0 0 6
26 75 20 0 0 0 6
52 6 1 0 0 0 3
41 94 53 0 0 0 5
61 27 27 0 0 0 4
3 21 1 0 0 0 1
47 17 12 0 0 0 7
6 49 72 0 0 0 5
47 46 55 0 0 0 1
83 36 12 0 0 0 2
30 61 63 0 0 0 7
70 42 63 0 0 0 9
3 94 72 0 0 0 7
7 23 23 0 0 0 1
76 74 43 0 0 0 1
60 38 69 0 0 0 8
49 16 73 0 0 0 3
53 61 70 0 0 0 4
95 5 20 0 0 0 8
38 47 41 0 0 0 2
86 68 39 0 0 0 1
57 68 75 0 0 0 7
95 19 92 0 0 0 2
5 76 22 0 0 0 2
15 88 53 0 0 0 6
84 29 51 0 0 0 4
46 57 64 0 0 0 5
22 73 51 0 0 0 10
13 85 74 0 0 0 5
48 29 22 0 0 0 6
77 64 89 0 0 0 8
46 40 55 0 0 0 5
41 39 90 0 0 0 4
85 45 61 0 0 0 1
28 85 20 0 0 0 7
54 12 77 0 0 0 3
33 59 22 0 0 0 4
33 77 10 0 0 0 6
65 98 53 0 0 0 1
79 37 40 0 0 0 2
97 56 12 0 0 0 9
16 11 21 0 0 0 1
89 2 42 0 0 0 3
25 85 80 0 0 0 7
1 20 60 0 0 0 7
19 44 4 0 0 0 1
80 55 8 0 0 0 10
87 36 65 0 0 0 5
20 71 11 0 0 0 4
68 21 4 0 0 0 2
16 63 88 0 0 0 8
84 75 74 0 0 0 10
46 72 30 0 0 0 3
7 23 49 0 0 0 2
82 14 42 0 0 0 10
14 64 2 0 0 0 2
65 64 47 0 0 0 7
50 35 96 0 0 0 9
10 4 76 0 0 0 7
66 58 52 0 0 0 4
4 29 74 0 0 0 7
53 69 7 0 0 0 3
2 32 43 0 0 0 2
29 13 36 0 0 0 10
50 56 44 0 0 0 6
97 67 99 0 0 0 5
70 70 96 0 0 0 5
4 39 58 0 0 0 5
18 57 31 0 0 0 2
4 62 20 0 0 0 6
16 79 96 0 0 0 5
20 35 33 0 0 0 1
7 14 90 0 0 0 2
38 3 64 0 0 0 2
45 52 31 0 0 0 3
14 17 21 0 0 0 3
5 60 8 0 0 0 5
64 51 15 0 0 0 6
73 34 19 0 0 0 6
70 11 47 0 0 0 3
41 51 78 0 0 0 6
20 14 58 0 0 0 4
50 86 33 0 0 0 10
75 52 79 0 0 0 10
24 56 11 0 0 0 3
31 71 99 0 0 0 4
29 53 97 0 0 0 6
52 16 8 0 0 0 7
96 57 58 0 0 0 6
20 37 99 0 0 0 7
14 53 17 0 0 0 10
19 37 58 0 0 0 5
72 7 43 0 0 0 8
22 58 62 0 0 0 6
79 9 79 0 0 0 6
94 86 66 0 0 0 1
59 66 19 0 0 0 6
34 71 82 0 0 0 1
37 11 1 0 0 0 1
8 87 96 0 0 0 7
25 88 8 0 0 0 2
16 73 79 0 0 0 6
60 81 47 0 0 0 1
82 54 51 0 0 0 8
55 26 14 0 0 0 3
49 8 55 0 0 0 2
90 99 32 0 0 0 2
19 14 83 0 0 0 8
58 52 6 0 0 0 10
10 38 2 0 0 0 10
84 29 14 0 0 0 5
63 11 9 0 0 0 8
51 59 93 0 0 0 1
14 69 82 0 0 0 6
90 94 58 0 0 0 9
95 91 90 0 0 0 10
95 26 73 0 0 0 7
31 8 71 0 0 0 7
34 90 61 0 0 0 2
3 45 71 0 0 0 3
88 71 42 0 0 0 8
64 0 7 0 0 0 7
24 26 91 0 0 0 10
97 89 1 0 0 0 2
29 22 41 0 0 0 6
61 92 2 0 0 0 1
2 47 35 0 0 0 6
27 72 77 0 0 0 4
13 74 40 0 0 0 1
60 84 90 0 0 0 3
21 98 76 0 0 0 10
16 68 20 0 0 0 8
96 24 10 0 0 0 1
5 68 67 0 0 0 8
89 24 43 0 0 0 10
18 37 90 0 0 0 3
83 94 38 0 0 0 10
85 54 75 0 0 0 6
52 94 55 0 0 0 9
26 89 98 0 0 0 10
71 97 77 0 0 0 6
58 35 14 0 0 0 3
35 30 31 0 0 0 3
49 11 84 0 0 0 1
94 1 82 0 0 0 7
16 80 54 0 0 0 10
26 7 73 0 0 0 1
95 2 1 0 0 0 8
3 52 4 0 0 0 9
8 93 12 0 0 0 6
87 12 42 0 0 0 5
51 63 18 0 0 0 2
81 10 19 0 0 0 3
84 21 68 0 0 0 9
63 8 71 0 0 0 5
21 58 44 0 0 0 7
83 9 88 0 0 0 4
69 67 7 0 0 0 6
98 66 48 0 0 0 6
45 84 33 0 0 0 8
88 82 61 0 0 0 6
78 1 71 0 0 0 4
18 18 23 0 0 0 10
13 62 28 0 0 0 8
76 33 58 0 0 0 7
70 44 64 0 0 0 9
31 96 25 0 0 0 10
42 34 15 0 0 0 2
69 56 84 0 0 0 6
14 37 4 0 0 0 2
23 27 2 0 0 0 6
17 88 95 0 0 0 5
86 35 40 0 0 0 4
42 5 32 0 0 0 3
23 55 77 0 0 0 4
79 61 69 0 0 0 8
13 12 0 0 0 0 8
95 76 56 0 0 0 2
87 45 81 0 0 0 7
29 99 78 0 0 0 2
24 71 60 0 0 0 10
99 92 69 0 0 0 1
49 38 76 0 0 0 2
48 14 51 0 0 0 10
87 78 81 0 0 0 3
14 58 61 0 0 0 10
90 56 63 0 0 0 9
5 55 53 0 0 0 5
11 6 8 0 0 0 2
13 11 57 0 0 0 9
26 86 26 0 0 0 4
0 0 29 0 0 0 1
97 63 71 0 0 0 9
26 84 73 0 0 0 6
51 22 51 0 0 0 6
88 81 49 0 0 0 3
74 87 10 0 0 0 2
17 30 86 0 0 0 6
46 50 63 0 0 0 5
76 19 88 0 0 0 5
55 14 42 0 0 0 10
72 53 58 0 0 0 7
31 17 15 0 0 0 1
82 88 40 0 0 0 3
45 2 21 0 0 0 10
99 39 2 0 0 0 10
40 94 23 0 0 0 5
39 4 94 0 0 0 10
86 28 67 0 0 0 2
51 53 2 0 0 0 1
34 28 22 0 0 0 1
80 24 52 0 0 0 3
2 20 29 0 0 0 9
2 64 92 0 0 0 9
81 90 39 0 0 0 9
14 46 65 0 0 0 5
82 79 16 0 0 0 6
56 41 36 0 0 0 8
35 20 72 0 0 0 8
2 62 91 0 0 0 3
23 52 21 0 0 0 3
31 20 0 0 0 0 2
80 63 9 0 0 0 7
44 97 31 0 0 0 2
78 17 26 0 0 0 4
35 64 8 0 0 0 5
82 32 64 0 0 0 4
87 1 15 0 0 0 3
0 22 19 0 0 0 6
45 20 14 0 0 0 9
26 72 67 0 0 0 3
2 74 42 0 0 0 2
87 74 2 0 0 0 4
91 62 50 0 0 0 4
68 52 64 0 0 0 8
68 37 62 0 0 0 4
94 34 6 0 0 0 9
61 71 37 0 0 0 8
46 29 43 0 0 0 2
48 52 57 0 0 0 1
88 88 74 0 0 0 1
89 7 6 0 0 0 2
57 12 67 0 0 0 2
68 27 18 0 0 0 6
45 1 66 0 0 0 8
55 73 27 0 0 0 2
41 55 67 0 0 0 9
65 35 91 0 0 0 9
42 81 80 0 0 0 5
12 0 72 0 0 0 3
20 21 38 0 0 0 10
32 22 22 0 0 0 3
28 14 51 0 0 0 7
90 22 83 0 0 0 7
87 81 33 0 0 0 6
30 24 70 0 0 0 7
12 85 82 0 0 0 7
41 32 92 0 0 0 3
38 34 3 0 0 0 9
31 70 58 0 0 0 4
63 10 10 0 0 0 9
22 11 26 0 0 0 7
99 83 39 0 0 0 8
74 10 73 0 0 0 7
3 70 50 0 0 0 1
75 60 26 0 0 0 5
94 52 23 0 0 0 5
62 12 26 0 0 0 3
76 3 53 0 0 0 10
0 59 22 0 0 0 1
34 86 8 0 0 0 10
22 17 88 0 0 0 4
63 62 43 0 0 0 7
39 67 14 0 0 0 9
85 82 58 0 0 0 9
41 82 10 0 0 0 1
65 20 97 0 0 0 5
24 79 20 0 0 0 10
23 53 99 0 0 0 9
53 61 27 0 0 0 4
11 24 61 0 0 0 10
16 29 16 0 0 0 8
43 48 33 0 0 0 7
79 47 10 0 0 0 1
38 98 55 0 0 0 2
57 13 20 0 0 0 8
71 96 6 0 0 0 9
40 55 10 0 0 0 7
39 33 96 0 0 0 2
79 54 5 0 0 0 2
11 18 38 0 0 0 7
73 32 6 0 0 0 6
8 87 69 0 0 0 3
84 31 71 0 0 0 5
89 71 84 0 0 0 7
42 38 45 0 0 0 2
85 76 44 0 0 0 6
92 43 67 0 0 0 5
69 69 30 0 0 0 6
82 23 62 0 0 0 10
98 46 84 0 0 0 5
80 1 67 0 0 0 1
30 47 57 0 0 0 7
80 11 53 0 0 0 3
54 21 97 0 0 0 8
74 59 76 0 0 0 6
43 92 98 0 0 0 8
55 3 90 0 0 0 5
37 47 9 0 0 0 6
78 45 54 0 0 0 2
21 35 77 0 0 0 7
98 36 36 0 0 0 4
65 76 15 0 0 0 10
38 90 18 0 0 0 9
94 87 29 0 0 0 7
27 16 18 0 0 0 7
93 7 19 0 0 0 1
70 53 26 0 0 0 8
27 60 1 0 0 0 2
59 39 15 0 0 0 10
72 34 54 0 0 0 7
51 57 27 0 0 0 8
61 35 42 0 0 0 4
95 99 59 0 0 0 7
77 89 21 0 0 0 8
99 77 29 0 0 0 5
92 88 79 0 0 0 4
92 72 90 0 0 0 3
39 26 6 0 0 0 5
42 7 89 0 0 0 5
54 58 91 0 0 0 9
46 19 35 0 0 0 4
74 97 21 0 0 0 5
74 23 54 0 0 0 1
63 2 64 0 0 0 5
8 14 46 0 0 0 1
71 33 91 0 0 0 8
26 12 38 0 0 0 3
93 95 27 0 0 0 4
57 36 56 0 0 0 7
39 83 58 0 0 0 7
54 33 8 0 0 0 8
61 91 72 0 0 0 7
48 73 49 0 0 0 5
80 9 98 0 0 0 9
76 12 89 0 0 0 7
35 23 66 0 0 0 4
28 7 80 0 0 0 8
73 44 68 0 0 0 6
59 6 49 0 0 0 2
17 61 88 0 0 0 3
75 21 81 0 0 0 3
85 93 81 0 0 0 7
92 36 74 0 0 0 1
15 4 55 0 0 0 7
50 83 13 0 0 0 4
48 87 55 0 0 0 6
35 7 16 0 0 0 2
0 23 26 0 0 0 6
74 54 5 0 0 0 8
11 26 57 0 0 0 6
29 12 73 0 0 0 1
75 73 12 0 0 0 8
40 76 41 0 0 0 1
11 29 87 0 0 0 8
12 23 97 0 0 0 7
89 37 0 0 0 0 2
57 1 68 0 0 0 2
25 70 47 0 0 0 4
64 90 14 0 0 0 6
92 79 16 0 0 0 1
1 59 38 0 0 0 5
14 69 32 0 0 0 2
50 38 96 0 0 0 1
69 8 56 0 0 0 3
59 82 64 0 0 0 3
68 60 34 0 0 0 7
36 24 45 0 0 0 8
24 13 48 0 0 0 8
34 67 23 0 0 0 1
86 15 90 0 0 0 4
30 69 1 0 0 0 10
64 51 8 0 0 0 4
36 11 40 0 0 0 6
55 76 97 0 0 0 9
70 21 58 0 0 0 9
67 15 50 0 0 0 10
23 64 32 0 0 0 9
63 51 25 0 0 0 7
60 86 44 0 0 0 7
41 26 98 0 0 0 9
42 66 20 0 0 0 9
75 10 90 0 0 0 3
85 53 29 0 0 0 4
57 33 67 0 0 0 9
47 75 13 0 0 0 1
52 46 37 0 0 0 9
99 27 77 0 0 0 10
4 5 4 0 0 0 6
78 54 48 0 0 0 7
24 35 56 0 0 0 10
90 21 18 0 0 0 9
69 96 7 0 0 0 8
74 50 2 0 0 0 9
70 39 54 0 0 0 9
4 24 0 0 0 0 5
38 5 1 0 0 0 4
79 8 80 0 0 0 2
37 31 43 0 0 0 2
16 20 65 0 0 0 2
23 75 83 0 0 0 9
29 40 47 0 0 0 8
8 87 73 0 0 0 9
50 0 30 0 0 0 10
95 86 65 0 0 0 5
31 55 56 0 0 0 4
26 56 94 0 0 0 7
53 39 27 0 0 0 10
76 86 97 0 0 0 8
32 86 80 0 0 0 7
31 20 88 0 0 0 1
42 75 61 0 0 0 6
39 54 68 0 0 0 9
78 19 0 0 0 0 10
76 52 55 0 0 0 3
14 28 42 0 0 0 6
28 94 58 0 0 0 6
86 58 13 0 0 0 2
75 16 93 0 0 0 4
35 33 75 0 0 0 6
68 95 50 0 0 0 7
57 84 48 0 0 0 2
11 66 37 0 0 0 5
5 1 32 0 0 0 3
50 2 71 0 0 0 9
24 55 10 0 0 0 5
87 99 14 0 0 0 10
14 83 34 0 0 0 2
97 36 15 0 0 0 5
28 31 56 0 0 0 4
31 59 80 0 0 0 9
86 98 99 0 0 0 4
23 30 75 0 0 0 7
33 5 16 0 0 0 4
51 99 41 0 0 0 2
86 28 16 0 0 0 10
40 85 99 0 0 0 7
74 99 93 0 0 0 9
75 37 93 0 0 0 9
8 85 97 0 0 0 10
2 7 69 0 0 0 9
94 61 89 0 0 0 6
97 62 33 0 0 0 10
49 36 47 0 0 0 10
22 27 74 0 0 0 2
36 24 41 0 0 0 3
91 86 14 0 0 0 7
84 64 24 0 0 0 6
80 40 27 0 0 0 9
75 6 6 0 0 0 2
22 79 45 0 0 0 8
88 68 5 0 0 0 5
74 25 8 0 0 0 7
45 3 70 0 0 0 8
32 98 16 0 0 0 1
78 23 2 0 0 0 3
60 49 80 0 0 0 9
71 20 60 0 0 0 4
5 83 99 0 0 0 7
85 78 45 0 0 0 8
36 56 34 0 0 0 10
90 63 94 0 0 0 1
94 16 71 0 0 0 6
81 16 26 0 0 0 8
51 99 64 0 0 0 8
30 40 57 0 0 0 6
24 21 50 0 0 0 1
8 85 42 0 0 0 8
22 2 50 0 0 0 9
18 88 15 0 0 0 8
44 24 48 0 0 0 7
73 57 12 0 0 0 1
37 28 75 0 0 0 10
30 1 55 0 0 0 6
3 49 82 0 0 0 4
16 98 18 0 0 0 2
49 97 58 0 0 0 1
98 27 75 0 0 0 2
94 50 17 0 0 0 9
95 57 24 0 0 0 2
41 27 12 0 0 0 10
0 31 57 0 0 0 9
39 35 83 0 0 0 9
94 27 80 0 0 0 1
80 85 52 0 0 0 8
26 91 8 0 0 0 1
94 71 80 0 0 0 10
43 85 42 0 0 0 1
27 25 74 0 0 0 5
99 55 50 0 0 0 1
68 96 1 0 0 0 8
18 39 12 0 0 0 6
17 16 98 0 0 0 6
85 48 57 0 0 0 1
34 38 35 0 0 0 4
0 40 26 0 0 0 5
69 0 54 0 0 0 4
5 24 72 0 0 0 8
69 55 88 0 0 0 9
83 63 54 0 0 0 2
0 24 22 0 0 0 5
15 67 18 0 0 0 7
10 83 84 0 0 0 2
47 82 88 0 0 0 9
77 39 49 0 0 0 3
22 18 42 0 0 0 5
26 49 24 0 0 0 5
13 57 54 0 0 0 8
14 21 22 0 0 0 4
86 7 66 0 0 0 9
31 14 58 0 0 0 6
83 67 88 0 0 0 9
71 6 19 0 0 0 7
79 45 60 0 0 0 2
33 93 93 0 0 0 10
21 8 49 0 0 0 8
15 25 21 0 0 0 7
19 24 27 0 0 0 10
9 52 84 0 0 0 10
1 80 66 0 0 0 9
12 50 56 0 0 0 5
60 74 10 0 0 0 6
87 11 40 0 0 0 7
79 61 53 0 0 0 6
66 38 47 0 0 0 8
61 66 8 0 0 0 2
95 29 64 0 0 0 5
49 28 14 0 0 0 1
67 22 21 0 0 0 5
8 36 24 0 0 0 2
31 75 43 0 0 0 8
46 26 99 0 0 0 1
72 71 23 0 0 0 3
18 82 2 0 0 0 7
17 87 89 0 0 0 5
66 55 73 0 0 0 4
45 91 0 0 0 0 5
23 92 82 0 0 0 1
43 2 16 0 0 0 1
7 74 36 0 0 0 9
12 81 7 0 0 0 8
50 75 11 0 0 0 10
44 48 55 0 0 0 1
16 26 29 0 0 0 2
62 35 87 0 0 0 4
95 93 16 0 0 0 9
47 51 33 0 0 0 9
38 69 58 0 0 0 8
71 67 54 0 0 0 10
42 82 24 0 0 0 3
84 79 54 0 0 0 1
88 4 55 0 0 0 5
73 76 68 0 0 0 10
5 55 70 0 0 0 6
4 94 40 0 0 0 4
6 4 78 0 0 0 5
77 9 52 0 0 0 4
74 29 13 0 0 0 10
53 25 78 0 0 0 9
26 45 72 0 0 0 8
75 86 33 0 0 0 3
92 22 9 0 0 0 10
18 48 7 0 0 0 6
